# Initial building placement commands
# Extracted from screenshot_1000029911.png  (AoE2 DE, 168x168 Medium map)
# Coordinates: map LEFT corner = (0,0); footprint origin = screen-left corner of plate.

# ===== GAIA (player 0) =====
# Tree  (3491 tiles)
0,133,"Tree",0
0,159,"Tree",0
0,160,"Tree",0
1,17,"Tree",0
1,71,"Tree",0
1,72,"Tree",0
1,73,"Tree",0
1,74,"Tree",0
1,75,"Tree",0
1,139,"Tree",0
1,159,"Tree",0
1,160,"Tree",0
1,161,"Tree",0
2,0,"Tree",0
2,1,"Tree",0
2,2,"Tree",0
2,13,"Tree",0
2,14,"Tree",0
2,15,"Tree",0
2,16,"Tree",0
2,17,"Tree",0
2,18,"Tree",0
2,19,"Tree",0
2,20,"Tree",0
2,21,"Tree",0
2,22,"Tree",0
2,23,"Tree",0
2,24,"Tree",0
2,25,"Tree",0
2,68,"Tree",0
2,69,"Tree",0
2,70,"Tree",0
2,71,"Tree",0
2,72,"Tree",0
2,73,"Tree",0
2,74,"Tree",0
2,75,"Tree",0
2,150,"Tree",0
2,160,"Tree",0
2,161,"Tree",0
2,162,"Tree",0
3,0,"Tree",0
3,1,"Tree",0
3,2,"Tree",0
3,13,"Tree",0
3,14,"Tree",0
3,15,"Tree",0
3,16,"Tree",0
3,17,"Tree",0
3,18,"Tree",0
3,19,"Tree",0
3,20,"Tree",0
3,21,"Tree",0
3,22,"Tree",0
3,23,"Tree",0
3,24,"Tree",0
3,25,"Tree",0
3,26,"Tree",0
3,52,"Tree",0
3,68,"Tree",0
3,69,"Tree",0
3,70,"Tree",0
3,71,"Tree",0
3,72,"Tree",0
3,73,"Tree",0
3,74,"Tree",0
3,75,"Tree",0
3,130,"Tree",0
3,131,"Tree",0
3,142,"Tree",0
3,161,"Tree",0
3,162,"Tree",0
3,163,"Tree",0
4,0,"Tree",0
4,1,"Tree",0
4,2,"Tree",0
4,3,"Tree",0
4,4,"Tree",0
4,12,"Tree",0
4,13,"Tree",0
4,14,"Tree",0
4,15,"Tree",0
4,16,"Tree",0
4,17,"Tree",0
4,18,"Tree",0
4,19,"Tree",0
4,20,"Tree",0
4,21,"Tree",0
4,22,"Tree",0
4,23,"Tree",0
4,24,"Tree",0
4,52,"Tree",0
4,68,"Tree",0
4,69,"Tree",0
4,71,"Tree",0
4,72,"Tree",0
4,73,"Tree",0
4,74,"Tree",0
4,75,"Tree",0
4,130,"Tree",0
4,141,"Tree",0
4,142,"Tree",0
4,143,"Tree",0
4,160,"Tree",0
4,161,"Tree",0
4,162,"Tree",0
4,163,"Tree",0
4,164,"Tree",0
5,0,"Tree",0
5,1,"Tree",0
5,2,"Tree",0
5,3,"Tree",0
5,4,"Tree",0
5,5,"Tree",0
5,6,"Tree",0
5,7,"Tree",0
5,11,"Tree",0
5,12,"Tree",0
5,13,"Tree",0
5,14,"Tree",0
5,15,"Tree",0
5,17,"Tree",0
5,18,"Tree",0
5,19,"Tree",0
5,20,"Tree",0
5,21,"Tree",0
5,22,"Tree",0
5,23,"Tree",0
5,24,"Tree",0
5,25,"Tree",0
5,52,"Tree",0
5,53,"Tree",0
5,54,"Tree",0
5,73,"Tree",0
5,74,"Tree",0
5,75,"Tree",0
5,87,"Tree",0
5,131,"Tree",0
5,132,"Tree",0
5,133,"Tree",0
5,140,"Tree",0
5,141,"Tree",0
5,142,"Tree",0
5,161,"Tree",0
5,162,"Tree",0
5,163,"Tree",0
5,164,"Tree",0
5,165,"Tree",0
6,0,"Tree",0
6,1,"Tree",0
6,2,"Tree",0
6,3,"Tree",0
6,4,"Tree",0
6,5,"Tree",0
6,6,"Tree",0
6,7,"Tree",0
6,12,"Tree",0
6,13,"Tree",0
6,15,"Tree",0
6,16,"Tree",0
6,17,"Tree",0
6,18,"Tree",0
6,19,"Tree",0
6,20,"Tree",0
6,21,"Tree",0
6,22,"Tree",0
6,52,"Tree",0
6,53,"Tree",0
6,54,"Tree",0
6,55,"Tree",0
6,56,"Tree",0
6,57,"Tree",0
6,58,"Tree",0
6,59,"Tree",0
6,129,"Tree",0
6,130,"Tree",0
6,131,"Tree",0
6,132,"Tree",0
6,133,"Tree",0
6,139,"Tree",0
6,140,"Tree",0
6,141,"Tree",0
6,142,"Tree",0
6,156,"Tree",0
6,157,"Tree",0
6,158,"Tree",0
6,159,"Tree",0
6,160,"Tree",0
6,161,"Tree",0
6,162,"Tree",0
6,163,"Tree",0
6,164,"Tree",0
6,165,"Tree",0
7,0,"Tree",0
7,1,"Tree",0
7,2,"Tree",0
7,3,"Tree",0
7,4,"Tree",0
7,5,"Tree",0
7,6,"Tree",0
7,7,"Tree",0
7,8,"Tree",0
7,9,"Tree",0
7,10,"Tree",0
7,11,"Tree",0
7,12,"Tree",0
7,13,"Tree",0
7,14,"Tree",0
7,15,"Tree",0
7,16,"Tree",0
7,17,"Tree",0
7,18,"Tree",0
7,19,"Tree",0
7,20,"Tree",0
7,51,"Tree",0
7,52,"Tree",0
7,53,"Tree",0
7,54,"Tree",0
7,55,"Tree",0
7,56,"Tree",0
7,57,"Tree",0
7,58,"Tree",0
7,59,"Tree",0
7,130,"Tree",0
7,131,"Tree",0
7,132,"Tree",0
7,138,"Tree",0
7,155,"Tree",0
7,156,"Tree",0
7,157,"Tree",0
7,158,"Tree",0
7,159,"Tree",0
7,160,"Tree",0
7,161,"Tree",0
7,162,"Tree",0
7,163,"Tree",0
7,164,"Tree",0
8,0,"Tree",0
8,1,"Tree",0
8,2,"Tree",0
8,3,"Tree",0
8,4,"Tree",0
8,5,"Tree",0
8,6,"Tree",0
8,7,"Tree",0
8,8,"Tree",0
8,9,"Tree",0
8,10,"Tree",0
8,11,"Tree",0
8,12,"Tree",0
8,13,"Tree",0
8,14,"Tree",0
8,15,"Tree",0
8,16,"Tree",0
8,17,"Tree",0
8,18,"Tree",0
8,19,"Tree",0
8,31,"Tree",0
8,51,"Tree",0
8,52,"Tree",0
8,53,"Tree",0
8,54,"Tree",0
8,55,"Tree",0
8,56,"Tree",0
8,57,"Tree",0
8,58,"Tree",0
8,59,"Tree",0
8,60,"Tree",0
8,61,"Tree",0
8,133,"Tree",0
8,134,"Tree",0
8,135,"Tree",0
8,136,"Tree",0
8,137,"Tree",0
8,156,"Tree",0
8,157,"Tree",0
8,158,"Tree",0
8,159,"Tree",0
8,160,"Tree",0
8,161,"Tree",0
8,162,"Tree",0
8,163,"Tree",0
8,164,"Tree",0
8,165,"Tree",0
9,0,"Tree",0
9,1,"Tree",0
9,2,"Tree",0
9,3,"Tree",0
9,4,"Tree",0
9,5,"Tree",0
9,6,"Tree",0
9,8,"Tree",0
9,9,"Tree",0
9,12,"Tree",0
9,13,"Tree",0
9,14,"Tree",0
9,15,"Tree",0
9,16,"Tree",0
9,17,"Tree",0
9,51,"Tree",0
9,52,"Tree",0
9,53,"Tree",0
9,54,"Tree",0
9,55,"Tree",0
9,56,"Tree",0
9,57,"Tree",0
9,58,"Tree",0
9,59,"Tree",0
9,60,"Tree",0
9,61,"Tree",0
9,134,"Tree",0
9,135,"Tree",0
9,136,"Tree",0
9,155,"Tree",0
9,156,"Tree",0
9,157,"Tree",0
9,158,"Tree",0
9,159,"Tree",0
9,160,"Tree",0
9,161,"Tree",0
9,162,"Tree",0
9,163,"Tree",0
9,164,"Tree",0
10,1,"Tree",0
10,5,"Tree",0
10,7,"Tree",0
10,8,"Tree",0
10,9,"Tree",0
10,10,"Tree",0
10,11,"Tree",0
10,12,"Tree",0
10,13,"Tree",0
10,14,"Tree",0
10,15,"Tree",0
10,16,"Tree",0
10,49,"Tree",0
10,50,"Tree",0
10,51,"Tree",0
10,52,"Tree",0
10,53,"Tree",0
10,54,"Tree",0
10,55,"Tree",0
10,56,"Tree",0
10,57,"Tree",0
10,58,"Tree",0
10,59,"Tree",0
10,60,"Tree",0
10,61,"Tree",0
10,110,"Tree",0
10,151,"Tree",0
10,155,"Tree",0
10,156,"Tree",0
10,157,"Tree",0
10,158,"Tree",0
10,159,"Tree",0
10,160,"Tree",0
10,161,"Tree",0
10,162,"Tree",0
10,163,"Tree",0
11,3,"Tree",0
11,4,"Tree",0
11,5,"Tree",0
11,7,"Tree",0
11,8,"Tree",0
11,15,"Tree",0
11,50,"Tree",0
11,51,"Tree",0
11,52,"Tree",0
11,53,"Tree",0
11,54,"Tree",0
11,55,"Tree",0
11,56,"Tree",0
11,57,"Tree",0
11,58,"Tree",0
11,59,"Tree",0
11,60,"Tree",0
11,108,"Tree",0
11,155,"Tree",0
11,156,"Tree",0
11,157,"Tree",0
11,158,"Tree",0
11,159,"Tree",0
11,160,"Tree",0
11,161,"Tree",0
11,162,"Tree",0
11,163,"Tree",0
12,4,"Tree",0
12,5,"Tree",0
12,6,"Tree",0
12,7,"Tree",0
12,52,"Tree",0
12,53,"Tree",0
12,54,"Tree",0
12,59,"Tree",0
12,60,"Tree",0
12,154,"Tree",0
12,155,"Tree",0
12,156,"Tree",0
12,157,"Tree",0
12,158,"Tree",0
12,159,"Tree",0
12,160,"Tree",0
12,161,"Tree",0
12,162,"Tree",0
13,6,"Tree",0
13,7,"Tree",0
13,42,"Tree",0
13,52,"Tree",0
13,59,"Tree",0
13,60,"Tree",0
13,61,"Tree",0
13,73,"Tree",0
13,109,"Tree",0
13,120,"Tree",0
13,139,"Tree",0
13,141,"Tree",0
13,142,"Tree",0
13,155,"Tree",0
13,156,"Tree",0
13,157,"Tree",0
13,158,"Tree",0
13,159,"Tree",0
13,160,"Tree",0
13,161,"Tree",0
14,7,"Tree",0
14,60,"Tree",0
14,61,"Tree",0
14,72,"Tree",0
14,106,"Tree",0
14,108,"Tree",0
14,109,"Tree",0
14,110,"Tree",0
14,111,"Tree",0
14,112,"Tree",0
14,119,"Tree",0
14,120,"Tree",0
14,123,"Tree",0
14,156,"Tree",0
14,157,"Tree",0
14,158,"Tree",0
15,106,"Tree",0
15,107,"Tree",0
15,108,"Tree",0
15,109,"Tree",0
15,110,"Tree",0
15,111,"Tree",0
15,112,"Tree",0
15,115,"Tree",0
15,118,"Tree",0
15,119,"Tree",0
15,120,"Tree",0
15,121,"Tree",0
16,94,"Tree",0
16,95,"Tree",0
16,96,"Tree",0
16,97,"Tree",0
16,98,"Tree",0
16,104,"Tree",0
16,105,"Tree",0
16,106,"Tree",0
16,107,"Tree",0
16,108,"Tree",0
16,109,"Tree",0
16,110,"Tree",0
16,111,"Tree",0
16,112,"Tree",0
16,113,"Tree",0
16,114,"Tree",0
16,115,"Tree",0
16,118,"Tree",0
16,119,"Tree",0
16,120,"Tree",0
16,121,"Tree",0
17,2,"Tree",0
17,90,"Tree",0
17,91,"Tree",0
17,92,"Tree",0
17,93,"Tree",0
17,94,"Tree",0
17,95,"Tree",0
17,96,"Tree",0
17,97,"Tree",0
17,98,"Tree",0
17,99,"Tree",0
17,104,"Tree",0
17,105,"Tree",0
17,106,"Tree",0
17,107,"Tree",0
17,108,"Tree",0
17,109,"Tree",0
17,110,"Tree",0
17,111,"Tree",0
17,112,"Tree",0
17,113,"Tree",0
17,114,"Tree",0
17,115,"Tree",0
17,116,"Tree",0
17,117,"Tree",0
17,118,"Tree",0
17,119,"Tree",0
17,120,"Tree",0
17,121,"Tree",0
17,124,"Tree",0
17,125,"Tree",0
17,134,"Tree",0
17,135,"Tree",0
18,88,"Tree",0
18,89,"Tree",0
18,90,"Tree",0
18,91,"Tree",0
18,92,"Tree",0
18,93,"Tree",0
18,94,"Tree",0
18,95,"Tree",0
18,96,"Tree",0
18,97,"Tree",0
18,98,"Tree",0
18,102,"Tree",0
18,106,"Tree",0
18,107,"Tree",0
18,108,"Tree",0
18,109,"Tree",0
18,110,"Tree",0
18,111,"Tree",0
18,112,"Tree",0
18,113,"Tree",0
18,114,"Tree",0
18,115,"Tree",0
18,116,"Tree",0
18,117,"Tree",0
18,118,"Tree",0
18,119,"Tree",0
18,120,"Tree",0
18,133,"Tree",0
19,75,"Tree",0
19,88,"Tree",0
19,89,"Tree",0
19,90,"Tree",0
19,91,"Tree",0
19,92,"Tree",0
19,93,"Tree",0
19,94,"Tree",0
19,95,"Tree",0
19,96,"Tree",0
19,97,"Tree",0
19,98,"Tree",0
19,107,"Tree",0
19,108,"Tree",0
19,109,"Tree",0
19,111,"Tree",0
19,112,"Tree",0
19,113,"Tree",0
19,114,"Tree",0
19,115,"Tree",0
19,116,"Tree",0
19,117,"Tree",0
19,118,"Tree",0
19,119,"Tree",0
19,120,"Tree",0
19,143,"Tree",0
19,144,"Tree",0
19,145,"Tree",0
19,146,"Tree",0
19,147,"Tree",0
20,3,"Tree",0
20,4,"Tree",0
20,77,"Tree",0
20,87,"Tree",0
20,88,"Tree",0
20,89,"Tree",0
20,90,"Tree",0
20,91,"Tree",0
20,92,"Tree",0
20,93,"Tree",0
20,94,"Tree",0
20,95,"Tree",0
20,96,"Tree",0
20,97,"Tree",0
20,98,"Tree",0
20,99,"Tree",0
20,107,"Tree",0
20,108,"Tree",0
20,110,"Tree",0
20,111,"Tree",0
20,112,"Tree",0
20,113,"Tree",0
20,114,"Tree",0
20,118,"Tree",0
20,119,"Tree",0
20,120,"Tree",0
20,145,"Tree",0
20,146,"Tree",0
20,147,"Tree",0
21,1,"Tree",0
21,2,"Tree",0
21,3,"Tree",0
21,4,"Tree",0
21,5,"Tree",0
21,87,"Tree",0
21,88,"Tree",0
21,89,"Tree",0
21,90,"Tree",0
21,91,"Tree",0
21,92,"Tree",0
21,93,"Tree",0
21,94,"Tree",0
21,95,"Tree",0
21,96,"Tree",0
21,97,"Tree",0
21,98,"Tree",0
21,99,"Tree",0
21,100,"Tree",0
21,108,"Tree",0
21,109,"Tree",0
21,110,"Tree",0
21,111,"Tree",0
21,112,"Tree",0
21,113,"Tree",0
21,119,"Tree",0
21,135,"Tree",0
21,144,"Tree",0
21,145,"Tree",0
21,146,"Tree",0
21,147,"Tree",0
21,166,"Tree",0
22,0,"Tree",0
22,1,"Tree",0
22,2,"Tree",0
22,3,"Tree",0
22,4,"Tree",0
22,87,"Tree",0
22,88,"Tree",0
22,89,"Tree",0
22,90,"Tree",0
22,91,"Tree",0
22,92,"Tree",0
22,93,"Tree",0
22,94,"Tree",0
22,95,"Tree",0
22,96,"Tree",0
22,97,"Tree",0
22,98,"Tree",0
22,99,"Tree",0
22,108,"Tree",0
22,109,"Tree",0
22,110,"Tree",0
22,111,"Tree",0
22,112,"Tree",0
22,113,"Tree",0
22,118,"Tree",0
22,134,"Tree",0
22,144,"Tree",0
22,145,"Tree",0
22,146,"Tree",0
22,147,"Tree",0
22,148,"Tree",0
22,149,"Tree",0
22,165,"Tree",0
22,166,"Tree",0
23,0,"Tree",0
23,1,"Tree",0
23,2,"Tree",0
23,3,"Tree",0
23,88,"Tree",0
23,89,"Tree",0
23,90,"Tree",0
23,91,"Tree",0
23,92,"Tree",0
23,93,"Tree",0
23,94,"Tree",0
23,95,"Tree",0
23,96,"Tree",0
23,97,"Tree",0
23,145,"Tree",0
23,146,"Tree",0
23,147,"Tree",0
23,148,"Tree",0
23,149,"Tree",0
23,163,"Tree",0
23,164,"Tree",0
23,165,"Tree",0
23,166,"Tree",0
23,167,"Tree",0
24,0,"Tree",0
24,1,"Tree",0
24,2,"Tree",0
24,90,"Tree",0
24,91,"Tree",0
24,92,"Tree",0
24,93,"Tree",0
24,94,"Tree",0
24,95,"Tree",0
24,96,"Tree",0
24,146,"Tree",0
24,147,"Tree",0
24,148,"Tree",0
24,149,"Tree",0
24,159,"Tree",0
24,160,"Tree",0
24,162,"Tree",0
24,163,"Tree",0
24,164,"Tree",0
24,165,"Tree",0
24,166,"Tree",0
24,167,"Tree",0
25,0,"Tree",0
25,1,"Tree",0
25,31,"Tree",0
25,90,"Tree",0
25,91,"Tree",0
25,92,"Tree",0
25,93,"Tree",0
25,94,"Tree",0
25,95,"Tree",0
25,96,"Tree",0
25,97,"Tree",0
25,159,"Tree",0
25,160,"Tree",0
25,161,"Tree",0
25,162,"Tree",0
25,163,"Tree",0
25,164,"Tree",0
25,165,"Tree",0
25,166,"Tree",0
25,167,"Tree",0
26,0,"Tree",0
26,68,"Tree",0
26,92,"Tree",0
26,93,"Tree",0
26,94,"Tree",0
26,95,"Tree",0
26,96,"Tree",0
26,159,"Tree",0
26,160,"Tree",0
26,161,"Tree",0
26,162,"Tree",0
26,163,"Tree",0
26,164,"Tree",0
26,165,"Tree",0
26,166,"Tree",0
26,167,"Tree",0
27,68,"Tree",0
27,71,"Tree",0
27,72,"Tree",0
27,93,"Tree",0
27,94,"Tree",0
27,95,"Tree",0
27,96,"Tree",0
27,157,"Tree",0
27,158,"Tree",0
27,159,"Tree",0
27,160,"Tree",0
27,161,"Tree",0
27,162,"Tree",0
27,163,"Tree",0
27,164,"Tree",0
27,165,"Tree",0
27,166,"Tree",0
27,167,"Tree",0
28,10,"Tree",0
28,68,"Tree",0
28,69,"Tree",0
28,70,"Tree",0
28,71,"Tree",0
28,72,"Tree",0
28,73,"Tree",0
28,74,"Tree",0
28,75,"Tree",0
28,94,"Tree",0
28,95,"Tree",0
28,96,"Tree",0
28,157,"Tree",0
28,158,"Tree",0
28,159,"Tree",0
28,160,"Tree",0
28,161,"Tree",0
28,162,"Tree",0
28,163,"Tree",0
28,164,"Tree",0
28,165,"Tree",0
28,166,"Tree",0
28,167,"Tree",0
29,9,"Tree",0
29,10,"Tree",0
29,11,"Tree",0
29,12,"Tree",0
29,13,"Tree",0
29,15,"Tree",0
29,16,"Tree",0
29,17,"Tree",0
29,68,"Tree",0
29,69,"Tree",0
29,70,"Tree",0
29,71,"Tree",0
29,72,"Tree",0
29,73,"Tree",0
29,74,"Tree",0
29,75,"Tree",0
29,156,"Tree",0
29,157,"Tree",0
29,158,"Tree",0
29,159,"Tree",0
29,160,"Tree",0
29,161,"Tree",0
29,162,"Tree",0
29,163,"Tree",0
29,164,"Tree",0
29,165,"Tree",0
29,166,"Tree",0
29,167,"Tree",0
30,10,"Tree",0
30,11,"Tree",0
30,12,"Tree",0
30,13,"Tree",0
30,14,"Tree",0
30,15,"Tree",0
30,16,"Tree",0
30,17,"Tree",0
30,18,"Tree",0
30,69,"Tree",0
30,70,"Tree",0
30,71,"Tree",0
30,72,"Tree",0
30,73,"Tree",0
30,74,"Tree",0
30,75,"Tree",0
30,157,"Tree",0
30,158,"Tree",0
30,159,"Tree",0
30,160,"Tree",0
30,161,"Tree",0
30,162,"Tree",0
30,163,"Tree",0
30,164,"Tree",0
30,165,"Tree",0
30,166,"Tree",0
30,167,"Tree",0
31,11,"Tree",0
31,12,"Tree",0
31,13,"Tree",0
31,14,"Tree",0
31,15,"Tree",0
31,16,"Tree",0
31,17,"Tree",0
31,18,"Tree",0
31,19,"Tree",0
31,71,"Tree",0
31,72,"Tree",0
31,73,"Tree",0
31,74,"Tree",0
31,75,"Tree",0
31,76,"Tree",0
31,158,"Tree",0
31,159,"Tree",0
31,160,"Tree",0
31,161,"Tree",0
31,162,"Tree",0
31,163,"Tree",0
31,164,"Tree",0
31,165,"Tree",0
31,166,"Tree",0
31,167,"Tree",0
32,11,"Tree",0
32,12,"Tree",0
32,13,"Tree",0
32,14,"Tree",0
32,15,"Tree",0
32,16,"Tree",0
32,17,"Tree",0
32,18,"Tree",0
32,19,"Tree",0
32,71,"Tree",0
32,72,"Tree",0
32,73,"Tree",0
32,74,"Tree",0
32,75,"Tree",0
32,97,"Tree",0
32,161,"Tree",0
32,162,"Tree",0
32,163,"Tree",0
32,164,"Tree",0
32,165,"Tree",0
32,166,"Tree",0
32,167,"Tree",0
33,11,"Tree",0
33,12,"Tree",0
33,13,"Tree",0
33,15,"Tree",0
33,16,"Tree",0
33,17,"Tree",0
33,18,"Tree",0
33,19,"Tree",0
33,72,"Tree",0
33,73,"Tree",0
33,74,"Tree",0
33,75,"Tree",0
33,76,"Tree",0
33,97,"Tree",0
33,98,"Tree",0
33,99,"Tree",0
33,100,"Tree",0
33,101,"Tree",0
33,166,"Tree",0
33,167,"Tree",0
34,12,"Tree",0
34,13,"Tree",0
34,14,"Tree",0
34,15,"Tree",0
34,16,"Tree",0
34,17,"Tree",0
34,18,"Tree",0
34,19,"Tree",0
34,73,"Tree",0
34,74,"Tree",0
34,75,"Tree",0
34,97,"Tree",0
34,98,"Tree",0
34,99,"Tree",0
34,100,"Tree",0
34,101,"Tree",0
34,112,"Tree",0
34,118,"Tree",0
34,119,"Tree",0
34,166,"Tree",0
34,167,"Tree",0
35,12,"Tree",0
35,13,"Tree",0
35,14,"Tree",0
35,15,"Tree",0
35,16,"Tree",0
35,17,"Tree",0
35,18,"Tree",0
35,19,"Tree",0
35,72,"Tree",0
35,73,"Tree",0
35,74,"Tree",0
35,75,"Tree",0
35,98,"Tree",0
35,99,"Tree",0
35,100,"Tree",0
35,101,"Tree",0
35,116,"Tree",0
35,117,"Tree",0
35,118,"Tree",0
35,119,"Tree",0
35,167,"Tree",0
36,12,"Tree",0
36,13,"Tree",0
36,14,"Tree",0
36,15,"Tree",0
36,16,"Tree",0
36,17,"Tree",0
36,18,"Tree",0
36,19,"Tree",0
36,72,"Tree",0
36,73,"Tree",0
36,98,"Tree",0
36,99,"Tree",0
36,100,"Tree",0
36,101,"Tree",0
36,102,"Tree",0
36,116,"Tree",0
36,117,"Tree",0
36,118,"Tree",0
36,119,"Tree",0
36,120,"Tree",0
36,143,"Tree",0
36,144,"Tree",0
36,165,"Tree",0
36,166,"Tree",0
36,167,"Tree",0
37,12,"Tree",0
37,13,"Tree",0
37,14,"Tree",0
37,15,"Tree",0
37,16,"Tree",0
37,17,"Tree",0
37,18,"Tree",0
37,19,"Tree",0
37,36,"Tree",0
37,71,"Tree",0
37,72,"Tree",0
37,73,"Tree",0
37,100,"Tree",0
37,101,"Tree",0
37,102,"Tree",0
37,115,"Tree",0
37,116,"Tree",0
37,117,"Tree",0
37,118,"Tree",0
37,119,"Tree",0
37,120,"Tree",0
37,165,"Tree",0
37,166,"Tree",0
37,167,"Tree",0
38,13,"Tree",0
38,14,"Tree",0
38,15,"Tree",0
38,16,"Tree",0
38,17,"Tree",0
38,36,"Tree",0
38,69,"Tree",0
38,70,"Tree",0
38,71,"Tree",0
38,99,"Tree",0
38,100,"Tree",0
38,101,"Tree",0
38,102,"Tree",0
38,111,"Tree",0
38,114,"Tree",0
38,115,"Tree",0
38,116,"Tree",0
38,117,"Tree",0
38,118,"Tree",0
38,119,"Tree",0
38,165,"Tree",0
38,166,"Tree",0
38,167,"Tree",0
39,13,"Tree",0
39,14,"Tree",0
39,69,"Tree",0
39,70,"Tree",0
39,98,"Tree",0
39,99,"Tree",0
39,100,"Tree",0
39,101,"Tree",0
39,102,"Tree",0
39,113,"Tree",0
39,114,"Tree",0
39,115,"Tree",0
39,116,"Tree",0
39,117,"Tree",0
39,137,"Tree",0
39,166,"Tree",0
39,167,"Tree",0
40,14,"Tree",0
40,98,"Tree",0
40,99,"Tree",0
40,100,"Tree",0
40,101,"Tree",0
40,102,"Tree",0
40,111,"Tree",0
40,112,"Tree",0
40,113,"Tree",0
40,114,"Tree",0
40,115,"Tree",0
40,116,"Tree",0
40,165,"Tree",0
40,166,"Tree",0
40,167,"Tree",0
41,35,"Tree",0
41,98,"Tree",0
41,99,"Tree",0
41,100,"Tree",0
41,101,"Tree",0
41,102,"Tree",0
41,103,"Tree",0
41,110,"Tree",0
41,111,"Tree",0
41,112,"Tree",0
41,113,"Tree",0
41,114,"Tree",0
41,115,"Tree",0
41,165,"Tree",0
41,166,"Tree",0
41,167,"Tree",0
42,34,"Tree",0
42,36,"Tree",0
42,98,"Tree",0
42,99,"Tree",0
42,100,"Tree",0
42,101,"Tree",0
42,102,"Tree",0
42,103,"Tree",0
42,110,"Tree",0
42,111,"Tree",0
42,112,"Tree",0
42,113,"Tree",0
42,114,"Tree",0
42,166,"Tree",0
42,167,"Tree",0
43,34,"Tree",0
43,36,"Tree",0
43,98,"Tree",0
43,99,"Tree",0
43,100,"Tree",0
43,110,"Tree",0
43,111,"Tree",0
43,112,"Tree",0
43,113,"Tree",0
43,114,"Tree",0
43,167,"Tree",0
44,34,"Tree",0
44,98,"Tree",0
44,99,"Tree",0
44,100,"Tree",0
44,111,"Tree",0
44,112,"Tree",0
44,113,"Tree",0
44,114,"Tree",0
44,115,"Tree",0
45,97,"Tree",0
45,98,"Tree",0
45,99,"Tree",0
45,100,"Tree",0
45,112,"Tree",0
45,113,"Tree",0
45,114,"Tree",0
45,115,"Tree",0
45,116,"Tree",0
46,97,"Tree",0
46,98,"Tree",0
46,99,"Tree",0
46,100,"Tree",0
46,113,"Tree",0
46,114,"Tree",0
46,115,"Tree",0
46,167,"Tree",0
47,97,"Tree",0
47,98,"Tree",0
47,99,"Tree",0
47,100,"Tree",0
47,112,"Tree",0
47,113,"Tree",0
47,114,"Tree",0
47,115,"Tree",0
47,166,"Tree",0
48,99,"Tree",0
48,100,"Tree",0
48,113,"Tree",0
48,114,"Tree",0
48,115,"Tree",0
49,98,"Tree",0
49,99,"Tree",0
49,100,"Tree",0
49,111,"Tree",0
49,112,"Tree",0
49,113,"Tree",0
50,36,"Tree",0
50,63,"Tree",0
50,86,"Tree",0
50,98,"Tree",0
50,99,"Tree",0
50,112,"Tree",0
50,113,"Tree",0
51,36,"Tree",0
51,50,"Tree",0
51,51,"Tree",0
51,52,"Tree",0
51,61,"Tree",0
51,62,"Tree",0
51,63,"Tree",0
51,72,"Tree",0
51,86,"Tree",0
51,113,"Tree",0
52,50,"Tree",0
52,51,"Tree",0
52,52,"Tree",0
52,53,"Tree",0
53,30,"Tree",0
53,51,"Tree",0
53,52,"Tree",0
53,53,"Tree",0
53,63,"Tree",0
53,67,"Tree",0
54,29,"Tree",0
54,52,"Tree",0
54,53,"Tree",0
54,54,"Tree",0
54,61,"Tree",0
54,62,"Tree",0
55,29,"Tree",0
55,53,"Tree",0
55,54,"Tree",0
55,55,"Tree",0
55,56,"Tree",0
55,61,"Tree",0
55,62,"Tree",0
55,63,"Tree",0
55,137,"Tree",0
56,17,"Tree",0
56,24,"Tree",0
56,53,"Tree",0
56,54,"Tree",0
56,55,"Tree",0
56,56,"Tree",0
56,57,"Tree",0
56,58,"Tree",0
56,59,"Tree",0
56,60,"Tree",0
56,61,"Tree",0
56,121,"Tree",0
56,122,"Tree",0
56,162,"Tree",0
57,16,"Tree",0
57,17,"Tree",0
57,18,"Tree",0
57,19,"Tree",0
57,20,"Tree",0
57,53,"Tree",0
57,54,"Tree",0
57,55,"Tree",0
57,56,"Tree",0
57,57,"Tree",0
57,58,"Tree",0
57,59,"Tree",0
57,70,"Tree",0
57,95,"Tree",0
57,96,"Tree",0
57,145,"Tree",0
57,158,"Tree",0
57,159,"Tree",0
57,161,"Tree",0
58,15,"Tree",0
58,16,"Tree",0
58,17,"Tree",0
58,18,"Tree",0
58,19,"Tree",0
58,20,"Tree",0
58,21,"Tree",0
58,53,"Tree",0
58,54,"Tree",0
58,55,"Tree",0
58,56,"Tree",0
58,57,"Tree",0
58,58,"Tree",0
58,59,"Tree",0
58,60,"Tree",0
58,69,"Tree",0
58,95,"Tree",0
58,96,"Tree",0
58,97,"Tree",0
58,98,"Tree",0
58,145,"Tree",0
58,160,"Tree",0
58,161,"Tree",0
59,14,"Tree",0
59,15,"Tree",0
59,17,"Tree",0
59,18,"Tree",0
59,21,"Tree",0
59,28,"Tree",0
59,31,"Tree",0
59,53,"Tree",0
59,54,"Tree",0
59,55,"Tree",0
59,56,"Tree",0
59,57,"Tree",0
59,58,"Tree",0
59,59,"Tree",0
59,62,"Tree",0
59,94,"Tree",0
59,95,"Tree",0
59,96,"Tree",0
59,97,"Tree",0
59,98,"Tree",0
59,133,"Tree",0
59,160,"Tree",0
59,161,"Tree",0
60,0,"Tree",0
60,1,"Tree",0
60,2,"Tree",0
60,3,"Tree",0
60,4,"Tree",0
60,5,"Tree",0
60,14,"Tree",0
60,15,"Tree",0
60,16,"Tree",0
60,18,"Tree",0
60,19,"Tree",0
60,20,"Tree",0
60,27,"Tree",0
60,28,"Tree",0
60,52,"Tree",0
60,53,"Tree",0
60,54,"Tree",0
60,55,"Tree",0
60,56,"Tree",0
60,57,"Tree",0
60,58,"Tree",0
60,59,"Tree",0
60,96,"Tree",0
60,97,"Tree",0
60,98,"Tree",0
60,116,"Tree",0
60,160,"Tree",0
61,0,"Tree",0
61,1,"Tree",0
61,2,"Tree",0
61,3,"Tree",0
61,4,"Tree",0
61,5,"Tree",0
61,15,"Tree",0
61,16,"Tree",0
61,17,"Tree",0
61,18,"Tree",0
61,19,"Tree",0
61,20,"Tree",0
61,21,"Tree",0
61,27,"Tree",0
61,52,"Tree",0
61,53,"Tree",0
61,54,"Tree",0
61,55,"Tree",0
61,58,"Tree",0
61,80,"Tree",0
61,81,"Tree",0
61,82,"Tree",0
61,83,"Tree",0
61,95,"Tree",0
61,96,"Tree",0
61,97,"Tree",0
61,98,"Tree",0
61,99,"Tree",0
61,100,"Tree",0
61,101,"Tree",0
61,115,"Tree",0
61,152,"Tree",0
61,159,"Tree",0
62,0,"Tree",0
62,1,"Tree",0
62,2,"Tree",0
62,3,"Tree",0
62,4,"Tree",0
62,5,"Tree",0
62,14,"Tree",0
62,16,"Tree",0
62,17,"Tree",0
62,18,"Tree",0
62,19,"Tree",0
62,20,"Tree",0
62,21,"Tree",0
62,22,"Tree",0
62,26,"Tree",0
62,30,"Tree",0
62,49,"Tree",0
62,53,"Tree",0
62,81,"Tree",0
62,84,"Tree",0
62,85,"Tree",0
62,93,"Tree",0
62,94,"Tree",0
62,96,"Tree",0
62,97,"Tree",0
62,98,"Tree",0
62,99,"Tree",0
62,100,"Tree",0
62,101,"Tree",0
62,102,"Tree",0
62,103,"Tree",0
62,114,"Tree",0
62,134,"Tree",0
62,151,"Tree",0
62,159,"Tree",0
63,0,"Tree",0
63,1,"Tree",0
63,2,"Tree",0
63,3,"Tree",0
63,4,"Tree",0
63,13,"Tree",0
63,14,"Tree",0
63,15,"Tree",0
63,16,"Tree",0
63,17,"Tree",0
63,18,"Tree",0
63,19,"Tree",0
63,20,"Tree",0
63,21,"Tree",0
63,22,"Tree",0
63,23,"Tree",0
63,71,"Tree",0
63,94,"Tree",0
63,95,"Tree",0
63,96,"Tree",0
63,97,"Tree",0
63,98,"Tree",0
63,99,"Tree",0
63,100,"Tree",0
63,101,"Tree",0
63,102,"Tree",0
63,113,"Tree",0
63,150,"Tree",0
63,151,"Tree",0
64,0,"Tree",0
64,1,"Tree",0
64,2,"Tree",0
64,3,"Tree",0
64,4,"Tree",0
64,5,"Tree",0
64,11,"Tree",0
64,12,"Tree",0
64,13,"Tree",0
64,14,"Tree",0
64,15,"Tree",0
64,16,"Tree",0
64,17,"Tree",0
64,18,"Tree",0
64,19,"Tree",0
64,20,"Tree",0
64,21,"Tree",0
64,22,"Tree",0
64,23,"Tree",0
64,24,"Tree",0
64,92,"Tree",0
64,93,"Tree",0
64,94,"Tree",0
64,95,"Tree",0
64,96,"Tree",0
64,97,"Tree",0
64,98,"Tree",0
64,99,"Tree",0
64,100,"Tree",0
64,101,"Tree",0
64,113,"Tree",0
65,0,"Tree",0
65,1,"Tree",0
65,2,"Tree",0
65,3,"Tree",0
65,4,"Tree",0
65,5,"Tree",0
65,6,"Tree",0
65,11,"Tree",0
65,12,"Tree",0
65,13,"Tree",0
65,14,"Tree",0
65,15,"Tree",0
65,16,"Tree",0
65,17,"Tree",0
65,18,"Tree",0
65,19,"Tree",0
65,20,"Tree",0
65,21,"Tree",0
65,22,"Tree",0
65,23,"Tree",0
65,24,"Tree",0
65,91,"Tree",0
65,92,"Tree",0
65,93,"Tree",0
65,94,"Tree",0
65,95,"Tree",0
65,96,"Tree",0
65,97,"Tree",0
65,98,"Tree",0
65,99,"Tree",0
65,100,"Tree",0
65,101,"Tree",0
65,115,"Tree",0
66,0,"Tree",0
66,1,"Tree",0
66,2,"Tree",0
66,3,"Tree",0
66,4,"Tree",0
66,5,"Tree",0
66,6,"Tree",0
66,12,"Tree",0
66,13,"Tree",0
66,14,"Tree",0
66,15,"Tree",0
66,16,"Tree",0
66,17,"Tree",0
66,18,"Tree",0
66,19,"Tree",0
66,20,"Tree",0
66,21,"Tree",0
66,22,"Tree",0
66,23,"Tree",0
66,92,"Tree",0
66,93,"Tree",0
66,94,"Tree",0
66,95,"Tree",0
66,96,"Tree",0
66,97,"Tree",0
66,98,"Tree",0
66,99,"Tree",0
66,100,"Tree",0
66,101,"Tree",0
66,150,"Tree",0
66,156,"Tree",0
67,0,"Tree",0
67,1,"Tree",0
67,2,"Tree",0
67,3,"Tree",0
67,4,"Tree",0
67,5,"Tree",0
67,6,"Tree",0
67,8,"Tree",0
67,13,"Tree",0
67,14,"Tree",0
67,15,"Tree",0
67,16,"Tree",0
67,17,"Tree",0
67,18,"Tree",0
67,19,"Tree",0
67,20,"Tree",0
67,21,"Tree",0
67,22,"Tree",0
67,24,"Tree",0
67,45,"Tree",0
67,50,"Tree",0
67,69,"Tree",0
67,79,"Tree",0
67,91,"Tree",0
67,92,"Tree",0
67,93,"Tree",0
67,94,"Tree",0
67,95,"Tree",0
67,96,"Tree",0
67,97,"Tree",0
67,98,"Tree",0
67,99,"Tree",0
67,155,"Tree",0
68,0,"Tree",0
68,1,"Tree",0
68,2,"Tree",0
68,3,"Tree",0
68,4,"Tree",0
68,5,"Tree",0
68,6,"Tree",0
68,7,"Tree",0
68,8,"Tree",0
68,13,"Tree",0
68,14,"Tree",0
68,16,"Tree",0
68,51,"Tree",0
68,52,"Tree",0
68,53,"Tree",0
68,54,"Tree",0
68,55,"Tree",0
68,56,"Tree",0
68,57,"Tree",0
68,58,"Tree",0
68,59,"Tree",0
68,67,"Tree",0
68,68,"Tree",0
68,69,"Tree",0
68,70,"Tree",0
68,71,"Tree",0
68,86,"Tree",0
68,87,"Tree",0
68,93,"Tree",0
68,94,"Tree",0
68,95,"Tree",0
68,96,"Tree",0
68,97,"Tree",0
68,98,"Tree",0
68,117,"Tree",0
69,0,"Tree",0
69,1,"Tree",0
69,2,"Tree",0
69,3,"Tree",0
69,4,"Tree",0
69,5,"Tree",0
69,6,"Tree",0
69,7,"Tree",0
69,8,"Tree",0
69,9,"Tree",0
69,44,"Tree",0
69,45,"Tree",0
69,47,"Tree",0
69,48,"Tree",0
69,49,"Tree",0
69,50,"Tree",0
69,51,"Tree",0
69,52,"Tree",0
69,53,"Tree",0
69,54,"Tree",0
69,55,"Tree",0
69,56,"Tree",0
69,57,"Tree",0
69,58,"Tree",0
69,59,"Tree",0
69,67,"Tree",0
69,68,"Tree",0
69,69,"Tree",0
69,80,"Tree",0
69,95,"Tree",0
69,96,"Tree",0
69,97,"Tree",0
69,98,"Tree",0
69,120,"Tree",0
69,154,"Tree",0
70,0,"Tree",0
70,2,"Tree",0
70,3,"Tree",0
70,4,"Tree",0
70,5,"Tree",0
70,6,"Tree",0
70,7,"Tree",0
70,8,"Tree",0
70,36,"Tree",0
70,45,"Tree",0
70,46,"Tree",0
70,47,"Tree",0
70,48,"Tree",0
70,49,"Tree",0
70,50,"Tree",0
70,51,"Tree",0
70,52,"Tree",0
70,53,"Tree",0
70,54,"Tree",0
70,55,"Tree",0
70,56,"Tree",0
70,57,"Tree",0
70,58,"Tree",0
70,59,"Tree",0
70,67,"Tree",0
70,68,"Tree",0
70,69,"Tree",0
70,79,"Tree",0
70,80,"Tree",0
70,81,"Tree",0
70,82,"Tree",0
70,94,"Tree",0
70,119,"Tree",0
70,152,"Tree",0
71,0,"Tree",0
71,1,"Tree",0
71,2,"Tree",0
71,3,"Tree",0
71,4,"Tree",0
71,5,"Tree",0
71,6,"Tree",0
71,7,"Tree",0
71,8,"Tree",0
71,9,"Tree",0
71,50,"Tree",0
71,51,"Tree",0
71,52,"Tree",0
71,53,"Tree",0
71,54,"Tree",0
71,55,"Tree",0
71,56,"Tree",0
71,57,"Tree",0
71,58,"Tree",0
71,59,"Tree",0
71,66,"Tree",0
71,67,"Tree",0
71,68,"Tree",0
71,69,"Tree",0
71,78,"Tree",0
71,79,"Tree",0
71,80,"Tree",0
71,81,"Tree",0
71,82,"Tree",0
71,83,"Tree",0
71,97,"Tree",0
71,152,"Tree",0
72,0,"Tree",0
72,1,"Tree",0
72,2,"Tree",0
72,3,"Tree",0
72,4,"Tree",0
72,5,"Tree",0
72,6,"Tree",0
72,7,"Tree",0
72,50,"Tree",0
72,51,"Tree",0
72,52,"Tree",0
72,53,"Tree",0
72,54,"Tree",0
72,55,"Tree",0
72,56,"Tree",0
72,57,"Tree",0
72,58,"Tree",0
72,59,"Tree",0
72,60,"Tree",0
72,66,"Tree",0
72,67,"Tree",0
72,68,"Tree",0
72,69,"Tree",0
72,79,"Tree",0
72,80,"Tree",0
72,81,"Tree",0
72,82,"Tree",0
72,83,"Tree",0
73,0,"Tree",0
73,1,"Tree",0
73,2,"Tree",0
73,3,"Tree",0
73,4,"Tree",0
73,5,"Tree",0
73,6,"Tree",0
73,7,"Tree",0
73,8,"Tree",0
73,9,"Tree",0
73,30,"Tree",0
73,50,"Tree",0
73,51,"Tree",0
73,52,"Tree",0
73,53,"Tree",0
73,54,"Tree",0
73,55,"Tree",0
73,56,"Tree",0
73,57,"Tree",0
73,58,"Tree",0
73,59,"Tree",0
73,60,"Tree",0
73,61,"Tree",0
73,66,"Tree",0
73,67,"Tree",0
73,68,"Tree",0
73,69,"Tree",0
73,78,"Tree",0
73,79,"Tree",0
73,80,"Tree",0
73,81,"Tree",0
73,82,"Tree",0
73,83,"Tree",0
73,118,"Tree",0
74,0,"Tree",0
74,1,"Tree",0
74,2,"Tree",0
74,52,"Tree",0
74,53,"Tree",0
74,54,"Tree",0
74,55,"Tree",0
74,56,"Tree",0
74,57,"Tree",0
74,58,"Tree",0
74,59,"Tree",0
74,61,"Tree",0
74,62,"Tree",0
74,63,"Tree",0
74,64,"Tree",0
74,65,"Tree",0
74,66,"Tree",0
74,67,"Tree",0
74,68,"Tree",0
74,69,"Tree",0
74,70,"Tree",0
74,79,"Tree",0
74,80,"Tree",0
74,81,"Tree",0
74,82,"Tree",0
74,118,"Tree",0
75,0,"Tree",0
75,55,"Tree",0
75,63,"Tree",0
75,64,"Tree",0
75,65,"Tree",0
75,66,"Tree",0
75,67,"Tree",0
75,68,"Tree",0
75,69,"Tree",0
75,70,"Tree",0
75,71,"Tree",0
75,82,"Tree",0
75,149,"Tree",0
75,150,"Tree",0
76,0,"Tree",0
76,18,"Tree",0
76,63,"Tree",0
76,64,"Tree",0
76,65,"Tree",0
76,70,"Tree",0
77,63,"Tree",0
77,64,"Tree",0
77,100,"Tree",0
77,146,"Tree",0
77,147,"Tree",0
78,146,"Tree",0
79,39,"Tree",0
79,40,"Tree",0
79,72,"Tree",0
79,87,"Tree",0
80,145,"Tree",0
81,105,"Tree",0
81,106,"Tree",0
81,144,"Tree",0
82,68,"Tree",0
82,86,"Tree",0
82,87,"Tree",0
82,88,"Tree",0
82,103,"Tree",0
82,104,"Tree",0
82,105,"Tree",0
82,106,"Tree",0
82,107,"Tree",0
82,108,"Tree",0
82,109,"Tree",0
82,143,"Tree",0
82,144,"Tree",0
83,20,"Tree",0
83,67,"Tree",0
83,68,"Tree",0
83,73,"Tree",0
83,86,"Tree",0
83,87,"Tree",0
83,88,"Tree",0
83,103,"Tree",0
83,104,"Tree",0
83,105,"Tree",0
83,106,"Tree",0
83,107,"Tree",0
83,108,"Tree",0
83,109,"Tree",0
84,67,"Tree",0
84,84,"Tree",0
84,85,"Tree",0
84,86,"Tree",0
84,87,"Tree",0
84,103,"Tree",0
84,104,"Tree",0
84,105,"Tree",0
84,106,"Tree",0
84,107,"Tree",0
84,108,"Tree",0
84,123,"Tree",0
84,124,"Tree",0
85,69,"Tree",0
85,70,"Tree",0
85,81,"Tree",0
85,82,"Tree",0
85,83,"Tree",0
85,84,"Tree",0
85,85,"Tree",0
85,86,"Tree",0
85,93,"Tree",0
85,103,"Tree",0
85,104,"Tree",0
85,105,"Tree",0
85,106,"Tree",0
85,107,"Tree",0
86,44,"Tree",0
86,57,"Tree",0
86,58,"Tree",0
86,69,"Tree",0
86,70,"Tree",0
86,81,"Tree",0
86,82,"Tree",0
86,83,"Tree",0
86,84,"Tree",0
86,85,"Tree",0
86,86,"Tree",0
86,104,"Tree",0
86,105,"Tree",0
86,106,"Tree",0
87,32,"Tree",0
87,47,"Tree",0
87,65,"Tree",0
87,69,"Tree",0
87,70,"Tree",0
87,71,"Tree",0
87,83,"Tree",0
87,84,"Tree",0
87,85,"Tree",0
87,86,"Tree",0
87,104,"Tree",0
87,113,"Tree",0
87,151,"Tree",0
88,47,"Tree",0
88,69,"Tree",0
88,70,"Tree",0
88,71,"Tree",0
88,81,"Tree",0
88,82,"Tree",0
88,83,"Tree",0
88,84,"Tree",0
88,85,"Tree",0
88,86,"Tree",0
88,91,"Tree",0
88,92,"Tree",0
88,139,"Tree",0
88,151,"Tree",0
88,152,"Tree",0
89,47,"Tree",0
89,48,"Tree",0
89,67,"Tree",0
89,68,"Tree",0
89,69,"Tree",0
89,70,"Tree",0
89,71,"Tree",0
89,72,"Tree",0
89,73,"Tree",0
89,82,"Tree",0
89,83,"Tree",0
89,84,"Tree",0
89,85,"Tree",0
89,86,"Tree",0
89,88,"Tree",0
89,90,"Tree",0
89,91,"Tree",0
89,92,"Tree",0
89,93,"Tree",0
89,151,"Tree",0
89,152,"Tree",0
90,33,"Tree",0
90,42,"Tree",0
90,43,"Tree",0
90,44,"Tree",0
90,45,"Tree",0
90,46,"Tree",0
90,47,"Tree",0
90,48,"Tree",0
90,49,"Tree",0
90,65,"Tree",0
90,66,"Tree",0
90,67,"Tree",0
90,68,"Tree",0
90,69,"Tree",0
90,70,"Tree",0
90,71,"Tree",0
90,72,"Tree",0
90,85,"Tree",0
90,86,"Tree",0
90,87,"Tree",0
90,88,"Tree",0
90,89,"Tree",0
90,90,"Tree",0
90,91,"Tree",0
90,92,"Tree",0
90,139,"Tree",0
91,34,"Tree",0
91,42,"Tree",0
91,43,"Tree",0
91,44,"Tree",0
91,45,"Tree",0
91,46,"Tree",0
91,47,"Tree",0
91,48,"Tree",0
91,49,"Tree",0
91,61,"Tree",0
91,65,"Tree",0
91,66,"Tree",0
91,67,"Tree",0
91,68,"Tree",0
91,69,"Tree",0
91,70,"Tree",0
91,71,"Tree",0
91,72,"Tree",0
91,85,"Tree",0
91,86,"Tree",0
91,87,"Tree",0
91,88,"Tree",0
91,89,"Tree",0
91,90,"Tree",0
91,91,"Tree",0
91,119,"Tree",0
91,120,"Tree",0
91,121,"Tree",0
92,41,"Tree",0
92,42,"Tree",0
92,43,"Tree",0
92,44,"Tree",0
92,45,"Tree",0
92,46,"Tree",0
92,47,"Tree",0
92,48,"Tree",0
92,49,"Tree",0
92,50,"Tree",0
92,51,"Tree",0
92,65,"Tree",0
92,66,"Tree",0
92,67,"Tree",0
92,68,"Tree",0
92,69,"Tree",0
92,70,"Tree",0
92,71,"Tree",0
92,72,"Tree",0
92,73,"Tree",0
92,74,"Tree",0
92,84,"Tree",0
92,85,"Tree",0
92,86,"Tree",0
92,87,"Tree",0
92,88,"Tree",0
92,89,"Tree",0
92,90,"Tree",0
92,118,"Tree",0
92,119,"Tree",0
92,120,"Tree",0
92,121,"Tree",0
92,122,"Tree",0
92,123,"Tree",0
92,124,"Tree",0
92,139,"Tree",0
92,150,"Tree",0
93,7,"Tree",0
93,8,"Tree",0
93,9,"Tree",0
93,10,"Tree",0
93,11,"Tree",0
93,40,"Tree",0
93,41,"Tree",0
93,42,"Tree",0
93,43,"Tree",0
93,44,"Tree",0
93,45,"Tree",0
93,46,"Tree",0
93,61,"Tree",0
93,63,"Tree",0
93,64,"Tree",0
93,65,"Tree",0
93,66,"Tree",0
93,67,"Tree",0
93,68,"Tree",0
93,69,"Tree",0
93,70,"Tree",0
93,71,"Tree",0
93,72,"Tree",0
93,84,"Tree",0
93,85,"Tree",0
93,86,"Tree",0
93,87,"Tree",0
93,88,"Tree",0
93,89,"Tree",0
93,118,"Tree",0
93,119,"Tree",0
93,120,"Tree",0
93,121,"Tree",0
93,122,"Tree",0
93,123,"Tree",0
93,124,"Tree",0
93,138,"Tree",0
93,139,"Tree",0
94,5,"Tree",0
94,6,"Tree",0
94,7,"Tree",0
94,8,"Tree",0
94,9,"Tree",0
94,10,"Tree",0
94,11,"Tree",0
94,40,"Tree",0
94,41,"Tree",0
94,42,"Tree",0
94,43,"Tree",0
94,44,"Tree",0
94,53,"Tree",0
94,61,"Tree",0
94,62,"Tree",0
94,64,"Tree",0
94,65,"Tree",0
94,66,"Tree",0
94,67,"Tree",0
94,68,"Tree",0
94,69,"Tree",0
94,70,"Tree",0
94,71,"Tree",0
94,85,"Tree",0
94,86,"Tree",0
94,87,"Tree",0
94,88,"Tree",0
94,89,"Tree",0
94,90,"Tree",0
94,116,"Tree",0
94,117,"Tree",0
94,118,"Tree",0
94,119,"Tree",0
94,120,"Tree",0
94,121,"Tree",0
94,122,"Tree",0
94,156,"Tree",0
94,157,"Tree",0
95,5,"Tree",0
95,6,"Tree",0
95,7,"Tree",0
95,8,"Tree",0
95,9,"Tree",0
95,10,"Tree",0
95,11,"Tree",0
95,12,"Tree",0
95,40,"Tree",0
95,41,"Tree",0
95,42,"Tree",0
95,43,"Tree",0
95,65,"Tree",0
95,66,"Tree",0
95,67,"Tree",0
95,68,"Tree",0
95,69,"Tree",0
95,70,"Tree",0
95,71,"Tree",0
95,116,"Tree",0
95,117,"Tree",0
95,118,"Tree",0
95,119,"Tree",0
95,120,"Tree",0
95,121,"Tree",0
95,137,"Tree",0
95,149,"Tree",0
95,150,"Tree",0
96,5,"Tree",0
96,7,"Tree",0
96,8,"Tree",0
96,9,"Tree",0
96,10,"Tree",0
96,11,"Tree",0
96,12,"Tree",0
96,41,"Tree",0
96,42,"Tree",0
96,43,"Tree",0
96,47,"Tree",0
96,67,"Tree",0
96,68,"Tree",0
96,69,"Tree",0
96,70,"Tree",0
96,71,"Tree",0
96,72,"Tree",0
96,111,"Tree",0
96,112,"Tree",0
96,113,"Tree",0
96,114,"Tree",0
96,115,"Tree",0
96,116,"Tree",0
96,117,"Tree",0
96,118,"Tree",0
96,121,"Tree",0
96,132,"Tree",0
96,137,"Tree",0
96,141,"Tree",0
96,142,"Tree",0
96,143,"Tree",0
96,144,"Tree",0
96,145,"Tree",0
96,146,"Tree",0
96,147,"Tree",0
96,148,"Tree",0
96,149,"Tree",0
96,150,"Tree",0
97,7,"Tree",0
97,8,"Tree",0
97,9,"Tree",0
97,10,"Tree",0
97,11,"Tree",0
97,12,"Tree",0
97,41,"Tree",0
97,42,"Tree",0
97,43,"Tree",0
97,68,"Tree",0
97,69,"Tree",0
97,70,"Tree",0
97,71,"Tree",0
97,72,"Tree",0
97,83,"Tree",0
97,84,"Tree",0
97,111,"Tree",0
97,112,"Tree",0
97,113,"Tree",0
97,114,"Tree",0
97,115,"Tree",0
97,116,"Tree",0
97,117,"Tree",0
97,118,"Tree",0
97,119,"Tree",0
97,120,"Tree",0
97,121,"Tree",0
97,132,"Tree",0
97,140,"Tree",0
97,141,"Tree",0
97,142,"Tree",0
97,143,"Tree",0
97,150,"Tree",0
98,6,"Tree",0
98,7,"Tree",0
98,8,"Tree",0
98,9,"Tree",0
98,10,"Tree",0
98,11,"Tree",0
98,12,"Tree",0
98,14,"Tree",0
98,44,"Tree",0
98,69,"Tree",0
98,70,"Tree",0
98,71,"Tree",0
98,111,"Tree",0
98,112,"Tree",0
98,113,"Tree",0
98,114,"Tree",0
98,115,"Tree",0
98,116,"Tree",0
98,117,"Tree",0
98,118,"Tree",0
98,119,"Tree",0
98,120,"Tree",0
98,121,"Tree",0
98,135,"Tree",0
98,140,"Tree",0
98,141,"Tree",0
98,142,"Tree",0
98,159,"Tree",0
98,160,"Tree",0
99,6,"Tree",0
99,7,"Tree",0
99,8,"Tree",0
99,9,"Tree",0
99,10,"Tree",0
99,11,"Tree",0
99,12,"Tree",0
99,71,"Tree",0
99,111,"Tree",0
99,114,"Tree",0
99,115,"Tree",0
99,117,"Tree",0
99,118,"Tree",0
99,140,"Tree",0
99,141,"Tree",0
99,142,"Tree",0
99,159,"Tree",0
99,160,"Tree",0
100,6,"Tree",0
100,7,"Tree",0
100,8,"Tree",0
100,9,"Tree",0
100,10,"Tree",0
100,11,"Tree",0
100,12,"Tree",0
100,13,"Tree",0
100,115,"Tree",0
100,116,"Tree",0
100,118,"Tree",0
100,119,"Tree",0
100,128,"Tree",0
100,129,"Tree",0
100,140,"Tree",0
100,141,"Tree",0
100,142,"Tree",0
100,149,"Tree",0
100,150,"Tree",0
100,151,"Tree",0
100,152,"Tree",0
100,158,"Tree",0
100,159,"Tree",0
100,160,"Tree",0
100,161,"Tree",0
101,6,"Tree",0
101,7,"Tree",0
101,10,"Tree",0
101,11,"Tree",0
101,12,"Tree",0
101,13,"Tree",0
101,55,"Tree",0
101,57,"Tree",0
101,63,"Tree",0
101,64,"Tree",0
101,79,"Tree",0
101,110,"Tree",0
101,114,"Tree",0
101,115,"Tree",0
101,116,"Tree",0
101,117,"Tree",0
101,118,"Tree",0
101,139,"Tree",0
101,140,"Tree",0
101,141,"Tree",0
101,142,"Tree",0
101,149,"Tree",0
101,150,"Tree",0
101,158,"Tree",0
101,159,"Tree",0
101,160,"Tree",0
101,161,"Tree",0
101,162,"Tree",0
102,5,"Tree",0
102,59,"Tree",0
102,85,"Tree",0
102,86,"Tree",0
102,87,"Tree",0
102,88,"Tree",0
102,89,"Tree",0
102,90,"Tree",0
102,91,"Tree",0
102,92,"Tree",0
102,93,"Tree",0
102,94,"Tree",0
102,114,"Tree",0
102,115,"Tree",0
102,116,"Tree",0
102,117,"Tree",0
102,140,"Tree",0
102,141,"Tree",0
102,142,"Tree",0
102,143,"Tree",0
102,159,"Tree",0
102,160,"Tree",0
102,161,"Tree",0
102,162,"Tree",0
103,5,"Tree",0
103,59,"Tree",0
103,75,"Tree",0
103,76,"Tree",0
103,85,"Tree",0
103,86,"Tree",0
103,87,"Tree",0
103,88,"Tree",0
103,89,"Tree",0
103,90,"Tree",0
103,91,"Tree",0
103,92,"Tree",0
103,93,"Tree",0
103,94,"Tree",0
103,114,"Tree",0
103,115,"Tree",0
103,116,"Tree",0
103,117,"Tree",0
103,140,"Tree",0
103,141,"Tree",0
103,142,"Tree",0
103,143,"Tree",0
103,150,"Tree",0
103,151,"Tree",0
103,158,"Tree",0
103,159,"Tree",0
103,160,"Tree",0
103,161,"Tree",0
104,67,"Tree",0
104,71,"Tree",0
104,92,"Tree",0
104,93,"Tree",0
104,112,"Tree",0
104,113,"Tree",0
104,114,"Tree",0
104,115,"Tree",0
104,116,"Tree",0
104,117,"Tree",0
104,139,"Tree",0
104,140,"Tree",0
104,141,"Tree",0
104,142,"Tree",0
104,143,"Tree",0
104,144,"Tree",0
104,145,"Tree",0
104,146,"Tree",0
105,10,"Tree",0
105,46,"Tree",0
105,68,"Tree",0
105,71,"Tree",0
105,113,"Tree",0
105,114,"Tree",0
105,115,"Tree",0
105,116,"Tree",0
105,117,"Tree",0
105,133,"Tree",0
105,140,"Tree",0
105,141,"Tree",0
105,142,"Tree",0
105,143,"Tree",0
105,144,"Tree",0
106,22,"Tree",0
106,72,"Tree",0
106,79,"Tree",0
106,80,"Tree",0
106,86,"Tree",0
106,115,"Tree",0
106,116,"Tree",0
106,117,"Tree",0
106,118,"Tree",0
106,141,"Tree",0
106,142,"Tree",0
106,143,"Tree",0
107,71,"Tree",0
107,72,"Tree",0
107,108,"Tree",0
107,115,"Tree",0
107,116,"Tree",0
107,117,"Tree",0
107,131,"Tree",0
107,153,"Tree",0
107,154,"Tree",0
108,44,"Tree",0
108,73,"Tree",0
108,86,"Tree",0
108,88,"Tree",0
108,105,"Tree",0
108,131,"Tree",0
108,136,"Tree",0
109,26,"Tree",0
109,43,"Tree",0
109,77,"Tree",0
109,105,"Tree",0
109,131,"Tree",0
109,154,"Tree",0
110,25,"Tree",0
110,28,"Tree",0
110,29,"Tree",0
110,30,"Tree",0
110,58,"Tree",0
110,63,"Tree",0
110,65,"Tree",0
110,66,"Tree",0
110,72,"Tree",0
110,73,"Tree",0
110,77,"Tree",0
110,154,"Tree",0
110,155,"Tree",0
110,156,"Tree",0
110,157,"Tree",0
110,159,"Tree",0
111,75,"Tree",0
111,147,"Tree",0
111,148,"Tree",0
111,152,"Tree",0
111,153,"Tree",0
111,154,"Tree",0
111,155,"Tree",0
111,156,"Tree",0
111,157,"Tree",0
111,158,"Tree",0
111,159,"Tree",0
111,160,"Tree",0
112,63,"Tree",0
112,67,"Tree",0
112,68,"Tree",0
112,70,"Tree",0
112,74,"Tree",0
112,79,"Tree",0
112,147,"Tree",0
112,152,"Tree",0
112,153,"Tree",0
112,154,"Tree",0
112,155,"Tree",0
112,156,"Tree",0
112,157,"Tree",0
112,158,"Tree",0
112,159,"Tree",0
112,160,"Tree",0
112,161,"Tree",0
112,162,"Tree",0
113,61,"Tree",0
113,62,"Tree",0
113,63,"Tree",0
113,67,"Tree",0
113,128,"Tree",0
113,147,"Tree",0
113,153,"Tree",0
113,154,"Tree",0
113,155,"Tree",0
113,156,"Tree",0
113,157,"Tree",0
113,158,"Tree",0
113,159,"Tree",0
113,160,"Tree",0
113,161,"Tree",0
113,162,"Tree",0
114,28,"Tree",0
114,60,"Tree",0
114,64,"Tree",0
114,65,"Tree",0
114,66,"Tree",0
114,73,"Tree",0
114,77,"Tree",0
114,81,"Tree",0
114,82,"Tree",0
114,83,"Tree",0
114,146,"Tree",0
114,147,"Tree",0
114,151,"Tree",0
114,152,"Tree",0
114,153,"Tree",0
114,154,"Tree",0
114,155,"Tree",0
114,156,"Tree",0
114,157,"Tree",0
114,158,"Tree",0
114,159,"Tree",0
114,160,"Tree",0
114,161,"Tree",0
114,162,"Tree",0
115,58,"Tree",0
115,61,"Tree",0
115,64,"Tree",0
115,65,"Tree",0
115,66,"Tree",0
115,67,"Tree",0
115,71,"Tree",0
115,81,"Tree",0
115,82,"Tree",0
115,146,"Tree",0
115,147,"Tree",0
115,151,"Tree",0
115,152,"Tree",0
115,153,"Tree",0
115,154,"Tree",0
115,155,"Tree",0
115,156,"Tree",0
115,157,"Tree",0
115,158,"Tree",0
115,159,"Tree",0
115,160,"Tree",0
115,161,"Tree",0
116,64,"Tree",0
116,65,"Tree",0
116,66,"Tree",0
116,67,"Tree",0
116,68,"Tree",0
116,70,"Tree",0
116,80,"Tree",0
116,145,"Tree",0
116,146,"Tree",0
116,147,"Tree",0
116,148,"Tree",0
116,149,"Tree",0
116,150,"Tree",0
116,151,"Tree",0
116,152,"Tree",0
116,153,"Tree",0
116,154,"Tree",0
116,155,"Tree",0
116,156,"Tree",0
116,157,"Tree",0
116,158,"Tree",0
116,159,"Tree",0
116,160,"Tree",0
116,161,"Tree",0
116,162,"Tree",0
116,167,"Tree",0
117,56,"Tree",0
117,58,"Tree",0
117,60,"Tree",0
117,64,"Tree",0
117,65,"Tree",0
117,66,"Tree",0
117,67,"Tree",0
117,68,"Tree",0
117,69,"Tree",0
117,81,"Tree",0
117,82,"Tree",0
117,95,"Tree",0
117,121,"Tree",0
117,146,"Tree",0
117,147,"Tree",0
117,148,"Tree",0
117,149,"Tree",0
117,150,"Tree",0
117,151,"Tree",0
117,152,"Tree",0
117,153,"Tree",0
117,154,"Tree",0
117,155,"Tree",0
117,156,"Tree",0
117,157,"Tree",0
117,158,"Tree",0
117,159,"Tree",0
117,160,"Tree",0
117,161,"Tree",0
117,162,"Tree",0
118,59,"Tree",0
118,60,"Tree",0
118,64,"Tree",0
118,65,"Tree",0
118,66,"Tree",0
118,67,"Tree",0
118,92,"Tree",0
118,96,"Tree",0
118,120,"Tree",0
118,121,"Tree",0
118,146,"Tree",0
118,147,"Tree",0
118,148,"Tree",0
118,155,"Tree",0
118,156,"Tree",0
118,157,"Tree",0
118,158,"Tree",0
118,159,"Tree",0
118,160,"Tree",0
118,161,"Tree",0
118,162,"Tree",0
118,163,"Tree",0
118,164,"Tree",0
119,4,"Tree",0
119,60,"Tree",0
119,64,"Tree",0
119,65,"Tree",0
119,66,"Tree",0
119,67,"Tree",0
119,68,"Tree",0
119,69,"Tree",0
119,70,"Tree",0
119,119,"Tree",0
119,120,"Tree",0
119,146,"Tree",0
119,147,"Tree",0
119,148,"Tree",0
119,149,"Tree",0
119,150,"Tree",0
119,155,"Tree",0
119,156,"Tree",0
119,157,"Tree",0
119,158,"Tree",0
119,162,"Tree",0
120,60,"Tree",0
120,64,"Tree",0
120,65,"Tree",0
120,66,"Tree",0
120,67,"Tree",0
120,68,"Tree",0
120,69,"Tree",0
120,70,"Tree",0
120,71,"Tree",0
120,117,"Tree",0
120,118,"Tree",0
120,119,"Tree",0
120,146,"Tree",0
120,153,"Tree",0
120,154,"Tree",0
120,156,"Tree",0
120,157,"Tree",0
121,59,"Tree",0
121,60,"Tree",0
121,61,"Tree",0
121,62,"Tree",0
121,63,"Tree",0
121,64,"Tree",0
121,65,"Tree",0
121,66,"Tree",0
121,67,"Tree",0
121,68,"Tree",0
121,69,"Tree",0
121,70,"Tree",0
121,117,"Tree",0
121,118,"Tree",0
121,144,"Tree",0
121,146,"Tree",0
121,153,"Tree",0
121,154,"Tree",0
121,155,"Tree",0
121,156,"Tree",0
122,60,"Tree",0
122,61,"Tree",0
122,62,"Tree",0
122,63,"Tree",0
122,64,"Tree",0
122,65,"Tree",0
122,66,"Tree",0
122,67,"Tree",0
122,68,"Tree",0
122,69,"Tree",0
122,70,"Tree",0
122,117,"Tree",0
122,145,"Tree",0
122,146,"Tree",0
122,147,"Tree",0
122,154,"Tree",0
122,155,"Tree",0
123,61,"Tree",0
123,62,"Tree",0
123,63,"Tree",0
123,64,"Tree",0
123,65,"Tree",0
123,66,"Tree",0
123,67,"Tree",0
123,68,"Tree",0
123,69,"Tree",0
123,124,"Tree",0
123,145,"Tree",0
123,146,"Tree",0
123,147,"Tree",0
123,154,"Tree",0
124,62,"Tree",0
124,63,"Tree",0
124,64,"Tree",0
124,65,"Tree",0
124,66,"Tree",0
124,67,"Tree",0
124,68,"Tree",0
124,123,"Tree",0
124,145,"Tree",0
124,146,"Tree",0
124,147,"Tree",0
124,154,"Tree",0
125,64,"Tree",0
125,65,"Tree",0
125,66,"Tree",0
125,68,"Tree",0
125,110,"Tree",0
125,145,"Tree",0
125,146,"Tree",0
125,147,"Tree",0
126,43,"Tree",0
126,44,"Tree",0
126,64,"Tree",0
126,65,"Tree",0
126,83,"Tree",0
126,145,"Tree",0
126,146,"Tree",0
126,152,"Tree",0
127,76,"Tree",0
127,77,"Tree",0
128,61,"Tree",0
128,62,"Tree",0
128,131,"Tree",0
128,132,"Tree",0
129,62,"Tree",0
129,63,"Tree",0
129,64,"Tree",0
129,131,"Tree",0
130,59,"Tree",0
130,60,"Tree",0
130,61,"Tree",0
130,62,"Tree",0
130,63,"Tree",0
130,145,"Tree",0
131,57,"Tree",0
131,58,"Tree",0
131,59,"Tree",0
131,60,"Tree",0
131,61,"Tree",0
131,62,"Tree",0
131,63,"Tree",0
131,104,"Tree",0
131,139,"Tree",0
131,142,"Tree",0
131,143,"Tree",0
131,145,"Tree",0
132,56,"Tree",0
132,57,"Tree",0
132,58,"Tree",0
132,59,"Tree",0
132,60,"Tree",0
132,61,"Tree",0
132,62,"Tree",0
132,63,"Tree",0
132,107,"Tree",0
132,144,"Tree",0
132,145,"Tree",0
132,146,"Tree",0
132,147,"Tree",0
132,158,"Tree",0
132,159,"Tree",0
133,55,"Tree",0
133,56,"Tree",0
133,57,"Tree",0
133,58,"Tree",0
133,59,"Tree",0
133,60,"Tree",0
133,61,"Tree",0
133,62,"Tree",0
133,77,"Tree",0
133,84,"Tree",0
133,104,"Tree",0
133,126,"Tree",0
133,144,"Tree",0
133,145,"Tree",0
133,146,"Tree",0
133,147,"Tree",0
133,148,"Tree",0
133,149,"Tree",0
133,150,"Tree",0
133,151,"Tree",0
133,152,"Tree",0
134,53,"Tree",0
134,55,"Tree",0
134,56,"Tree",0
134,57,"Tree",0
134,58,"Tree",0
134,59,"Tree",0
134,60,"Tree",0
134,61,"Tree",0
134,62,"Tree",0
134,77,"Tree",0
134,125,"Tree",0
134,126,"Tree",0
134,147,"Tree",0
134,148,"Tree",0
134,149,"Tree",0
134,150,"Tree",0
134,151,"Tree",0
134,155,"Tree",0
135,41,"Tree",0
135,53,"Tree",0
135,54,"Tree",0
135,55,"Tree",0
135,56,"Tree",0
135,57,"Tree",0
135,58,"Tree",0
135,59,"Tree",0
135,60,"Tree",0
135,61,"Tree",0
135,62,"Tree",0
135,63,"Tree",0
135,77,"Tree",0
135,147,"Tree",0
135,148,"Tree",0
135,149,"Tree",0
135,150,"Tree",0
135,151,"Tree",0
135,152,"Tree",0
135,153,"Tree",0
135,154,"Tree",0
135,155,"Tree",0
136,55,"Tree",0
136,56,"Tree",0
136,57,"Tree",0
136,58,"Tree",0
136,59,"Tree",0
136,60,"Tree",0
136,61,"Tree",0
136,62,"Tree",0
136,63,"Tree",0
136,74,"Tree",0
136,76,"Tree",0
136,125,"Tree",0
136,146,"Tree",0
136,147,"Tree",0
136,148,"Tree",0
136,149,"Tree",0
136,150,"Tree",0
136,151,"Tree",0
136,152,"Tree",0
136,153,"Tree",0
136,154,"Tree",0
136,155,"Tree",0
136,156,"Tree",0
136,157,"Tree",0
136,158,"Tree",0
136,159,"Tree",0
137,0,"Tree",0
137,30,"Tree",0
137,55,"Tree",0
137,56,"Tree",0
137,57,"Tree",0
137,58,"Tree",0
137,59,"Tree",0
137,60,"Tree",0
137,67,"Tree",0
137,74,"Tree",0
137,75,"Tree",0
137,116,"Tree",0
137,118,"Tree",0
137,149,"Tree",0
137,150,"Tree",0
137,151,"Tree",0
137,152,"Tree",0
137,153,"Tree",0
137,154,"Tree",0
137,155,"Tree",0
137,156,"Tree",0
137,157,"Tree",0
137,158,"Tree",0
137,159,"Tree",0
137,160,"Tree",0
138,0,"Tree",0
138,30,"Tree",0
138,55,"Tree",0
138,56,"Tree",0
138,57,"Tree",0
138,58,"Tree",0
138,59,"Tree",0
138,75,"Tree",0
138,101,"Tree",0
138,150,"Tree",0
138,151,"Tree",0
138,152,"Tree",0
138,153,"Tree",0
138,154,"Tree",0
138,155,"Tree",0
138,156,"Tree",0
138,157,"Tree",0
138,158,"Tree",0
138,159,"Tree",0
139,0,"Tree",0
139,39,"Tree",0
139,44,"Tree",0
139,57,"Tree",0
139,65,"Tree",0
139,66,"Tree",0
139,151,"Tree",0
139,152,"Tree",0
139,153,"Tree",0
139,156,"Tree",0
139,157,"Tree",0
139,158,"Tree",0
140,39,"Tree",0
140,105,"Tree",0
140,114,"Tree",0
141,12,"Tree",0
141,37,"Tree",0
141,38,"Tree",0
141,39,"Tree",0
141,40,"Tree",0
141,44,"Tree",0
141,79,"Tree",0
141,105,"Tree",0
141,112,"Tree",0
142,37,"Tree",0
142,38,"Tree",0
142,39,"Tree",0
142,40,"Tree",0
142,41,"Tree",0
142,42,"Tree",0
142,43,"Tree",0
142,44,"Tree",0
142,45,"Tree",0
142,46,"Tree",0
143,36,"Tree",0
143,37,"Tree",0
143,38,"Tree",0
143,39,"Tree",0
143,40,"Tree",0
143,41,"Tree",0
143,42,"Tree",0
143,43,"Tree",0
143,44,"Tree",0
143,45,"Tree",0
143,101,"Tree",0
143,103,"Tree",0
143,108,"Tree",0
144,37,"Tree",0
144,38,"Tree",0
144,39,"Tree",0
144,40,"Tree",0
144,41,"Tree",0
144,42,"Tree",0
144,43,"Tree",0
144,44,"Tree",0
144,45,"Tree",0
144,107,"Tree",0
144,108,"Tree",0
144,116,"Tree",0
144,143,"Tree",0
144,144,"Tree",0
145,1,"Tree",0
145,36,"Tree",0
145,37,"Tree",0
145,38,"Tree",0
145,39,"Tree",0
145,40,"Tree",0
145,41,"Tree",0
145,42,"Tree",0
145,43,"Tree",0
145,44,"Tree",0
145,45,"Tree",0
145,107,"Tree",0
145,143,"Tree",0
145,144,"Tree",0
145,145,"Tree",0
146,37,"Tree",0
146,38,"Tree",0
146,39,"Tree",0
146,40,"Tree",0
146,41,"Tree",0
146,42,"Tree",0
146,43,"Tree",0
146,44,"Tree",0
146,45,"Tree",0
146,46,"Tree",0
146,47,"Tree",0
146,143,"Tree",0
146,144,"Tree",0
146,145,"Tree",0
146,146,"Tree",0
146,147,"Tree",0
147,37,"Tree",0
147,38,"Tree",0
147,39,"Tree",0
147,40,"Tree",0
147,41,"Tree",0
147,42,"Tree",0
147,43,"Tree",0
147,44,"Tree",0
147,45,"Tree",0
147,141,"Tree",0
147,142,"Tree",0
147,143,"Tree",0
147,144,"Tree",0
147,145,"Tree",0
147,146,"Tree",0
147,147,"Tree",0
148,36,"Tree",0
148,37,"Tree",0
148,38,"Tree",0
148,39,"Tree",0
148,40,"Tree",0
148,41,"Tree",0
148,42,"Tree",0
148,43,"Tree",0
148,117,"Tree",0
148,140,"Tree",0
148,141,"Tree",0
148,142,"Tree",0
148,143,"Tree",0
148,144,"Tree",0
148,145,"Tree",0
148,146,"Tree",0
148,161,"Tree",0
149,36,"Tree",0
149,37,"Tree",0
149,38,"Tree",0
149,39,"Tree",0
149,40,"Tree",0
149,41,"Tree",0
149,116,"Tree",0
149,117,"Tree",0
149,118,"Tree",0
149,120,"Tree",0
149,121,"Tree",0
149,142,"Tree",0
149,161,"Tree",0
149,162,"Tree",0
150,36,"Tree",0
150,37,"Tree",0
150,38,"Tree",0
150,39,"Tree",0
150,40,"Tree",0
150,118,"Tree",0
150,119,"Tree",0
150,120,"Tree",0
150,121,"Tree",0
150,122,"Tree",0
150,160,"Tree",0
150,161,"Tree",0
150,163,"Tree",0
151,36,"Tree",0
151,37,"Tree",0
151,38,"Tree",0
151,118,"Tree",0
151,119,"Tree",0
151,120,"Tree",0
151,121,"Tree",0
151,122,"Tree",0
151,127,"Tree",0
151,158,"Tree",0
151,159,"Tree",0
151,160,"Tree",0
151,162,"Tree",0
151,163,"Tree",0
151,164,"Tree",0
152,6,"Tree",0
152,7,"Tree",0
152,8,"Tree",0
152,36,"Tree",0
152,37,"Tree",0
152,38,"Tree",0
152,119,"Tree",0
152,120,"Tree",0
152,121,"Tree",0
152,122,"Tree",0
152,156,"Tree",0
152,157,"Tree",0
152,158,"Tree",0
152,159,"Tree",0
152,160,"Tree",0
152,161,"Tree",0
152,162,"Tree",0
152,163,"Tree",0
153,0,"Tree",0
153,1,"Tree",0
153,2,"Tree",0
153,3,"Tree",0
153,4,"Tree",0
153,5,"Tree",0
153,6,"Tree",0
153,7,"Tree",0
153,8,"Tree",0
153,9,"Tree",0
153,36,"Tree",0
153,37,"Tree",0
153,38,"Tree",0
153,56,"Tree",0
153,63,"Tree",0
153,118,"Tree",0
153,119,"Tree",0
153,120,"Tree",0
153,121,"Tree",0
153,122,"Tree",0
153,155,"Tree",0
153,156,"Tree",0
153,157,"Tree",0
153,158,"Tree",0
153,159,"Tree",0
153,160,"Tree",0
153,161,"Tree",0
153,162,"Tree",0
153,163,"Tree",0
153,164,"Tree",0
154,0,"Tree",0
154,1,"Tree",0
154,2,"Tree",0
154,3,"Tree",0
154,4,"Tree",0
154,5,"Tree",0
154,6,"Tree",0
154,8,"Tree",0
154,9,"Tree",0
154,10,"Tree",0
154,36,"Tree",0
154,37,"Tree",0
154,38,"Tree",0
154,55,"Tree",0
154,62,"Tree",0
154,63,"Tree",0
154,64,"Tree",0
154,115,"Tree",0
154,118,"Tree",0
154,119,"Tree",0
154,120,"Tree",0
154,156,"Tree",0
154,157,"Tree",0
154,158,"Tree",0
154,159,"Tree",0
154,160,"Tree",0
154,161,"Tree",0
154,162,"Tree",0
154,163,"Tree",0
154,164,"Tree",0
155,0,"Tree",0
155,1,"Tree",0
155,2,"Tree",0
155,8,"Tree",0
155,9,"Tree",0
155,10,"Tree",0
155,11,"Tree",0
155,38,"Tree",0
155,55,"Tree",0
155,62,"Tree",0
155,63,"Tree",0
155,64,"Tree",0
155,102,"Tree",0
155,118,"Tree",0
155,119,"Tree",0
155,120,"Tree",0
155,134,"Tree",0
155,154,"Tree",0
155,155,"Tree",0
155,156,"Tree",0
155,157,"Tree",0
155,158,"Tree",0
155,159,"Tree",0
155,160,"Tree",0
155,161,"Tree",0
155,162,"Tree",0
155,163,"Tree",0
155,164,"Tree",0
156,8,"Tree",0
156,10,"Tree",0
156,11,"Tree",0
156,12,"Tree",0
156,38,"Tree",0
156,41,"Tree",0
156,55,"Tree",0
156,61,"Tree",0
156,62,"Tree",0
156,63,"Tree",0
156,64,"Tree",0
156,65,"Tree",0
156,101,"Tree",0
156,116,"Tree",0
156,117,"Tree",0
156,118,"Tree",0
156,119,"Tree",0
156,120,"Tree",0
156,136,"Tree",0
156,154,"Tree",0
156,155,"Tree",0
156,157,"Tree",0
156,158,"Tree",0
156,159,"Tree",0
156,160,"Tree",0
156,161,"Tree",0
156,162,"Tree",0
156,163,"Tree",0
157,10,"Tree",0
157,11,"Tree",0
157,12,"Tree",0
157,13,"Tree",0
157,55,"Tree",0
157,56,"Tree",0
157,57,"Tree",0
157,58,"Tree",0
157,59,"Tree",0
157,60,"Tree",0
157,61,"Tree",0
157,62,"Tree",0
157,63,"Tree",0
157,73,"Tree",0
157,115,"Tree",0
157,116,"Tree",0
157,117,"Tree",0
157,118,"Tree",0
157,119,"Tree",0
157,120,"Tree",0
157,130,"Tree",0
157,131,"Tree",0
157,132,"Tree",0
157,137,"Tree",0
157,154,"Tree",0
157,155,"Tree",0
157,156,"Tree",0
157,157,"Tree",0
157,158,"Tree",0
157,159,"Tree",0
157,160,"Tree",0
157,161,"Tree",0
157,162,"Tree",0
157,163,"Tree",0
158,10,"Tree",0
158,11,"Tree",0
158,12,"Tree",0
158,56,"Tree",0
158,57,"Tree",0
158,58,"Tree",0
158,59,"Tree",0
158,60,"Tree",0
158,61,"Tree",0
158,62,"Tree",0
158,63,"Tree",0
158,64,"Tree",0
158,115,"Tree",0
158,116,"Tree",0
158,118,"Tree",0
158,119,"Tree",0
158,120,"Tree",0
158,131,"Tree",0
158,132,"Tree",0
158,133,"Tree",0
158,134,"Tree",0
158,154,"Tree",0
158,155,"Tree",0
158,156,"Tree",0
158,157,"Tree",0
158,158,"Tree",0
158,159,"Tree",0
158,160,"Tree",0
158,161,"Tree",0
158,162,"Tree",0
158,163,"Tree",0
159,11,"Tree",0
159,12,"Tree",0
159,13,"Tree",0
159,54,"Tree",0
159,55,"Tree",0
159,56,"Tree",0
159,57,"Tree",0
159,58,"Tree",0
159,59,"Tree",0
159,60,"Tree",0
159,61,"Tree",0
159,62,"Tree",0
159,63,"Tree",0
159,112,"Tree",0
159,113,"Tree",0
159,114,"Tree",0
159,115,"Tree",0
159,120,"Tree",0
159,131,"Tree",0
159,132,"Tree",0
159,133,"Tree",0
159,134,"Tree",0
159,135,"Tree",0
159,136,"Tree",0
159,137,"Tree",0
159,154,"Tree",0
159,155,"Tree",0
159,156,"Tree",0
159,157,"Tree",0
159,158,"Tree",0
159,159,"Tree",0
159,160,"Tree",0
160,11,"Tree",0
160,12,"Tree",0
160,13,"Tree",0
160,23,"Tree",0
160,24,"Tree",0
160,53,"Tree",0
160,54,"Tree",0
160,55,"Tree",0
160,57,"Tree",0
160,58,"Tree",0
160,59,"Tree",0
160,60,"Tree",0
160,61,"Tree",0
160,62,"Tree",0
160,63,"Tree",0
160,64,"Tree",0
160,112,"Tree",0
160,113,"Tree",0
160,114,"Tree",0
160,132,"Tree",0
160,133,"Tree",0
160,134,"Tree",0
160,135,"Tree",0
160,136,"Tree",0
160,137,"Tree",0
160,138,"Tree",0
160,154,"Tree",0
160,155,"Tree",0
160,156,"Tree",0
160,157,"Tree",0
160,158,"Tree",0
160,159,"Tree",0
160,160,"Tree",0
161,12,"Tree",0
161,13,"Tree",0
161,15,"Tree",0
161,16,"Tree",0
161,20,"Tree",0
161,21,"Tree",0
161,22,"Tree",0
161,23,"Tree",0
161,24,"Tree",0
161,54,"Tree",0
161,55,"Tree",0
161,56,"Tree",0
161,57,"Tree",0
161,58,"Tree",0
161,59,"Tree",0
161,60,"Tree",0
161,61,"Tree",0
161,62,"Tree",0
161,63,"Tree",0
161,64,"Tree",0
161,65,"Tree",0
161,112,"Tree",0
161,113,"Tree",0
161,114,"Tree",0
161,115,"Tree",0
161,116,"Tree",0
161,131,"Tree",0
161,132,"Tree",0
161,133,"Tree",0
161,134,"Tree",0
161,135,"Tree",0
161,136,"Tree",0
161,137,"Tree",0
161,153,"Tree",0
161,154,"Tree",0
161,155,"Tree",0
161,156,"Tree",0
161,157,"Tree",0
161,158,"Tree",0
161,159,"Tree",0
161,160,"Tree",0
162,15,"Tree",0
162,16,"Tree",0
162,17,"Tree",0
162,18,"Tree",0
162,19,"Tree",0
162,20,"Tree",0
162,21,"Tree",0
162,22,"Tree",0
162,23,"Tree",0
162,34,"Tree",0
162,35,"Tree",0
162,36,"Tree",0
162,54,"Tree",0
162,55,"Tree",0
162,56,"Tree",0
162,57,"Tree",0
162,58,"Tree",0
162,59,"Tree",0
162,60,"Tree",0
162,63,"Tree",0
162,64,"Tree",0
162,65,"Tree",0
162,87,"Tree",0
162,116,"Tree",0
162,131,"Tree",0
162,132,"Tree",0
162,133,"Tree",0
162,134,"Tree",0
162,135,"Tree",0
162,136,"Tree",0
162,137,"Tree",0
162,154,"Tree",0
162,155,"Tree",0
162,156,"Tree",0
162,157,"Tree",0
162,158,"Tree",0
162,159,"Tree",0
163,13,"Tree",0
163,14,"Tree",0
163,15,"Tree",0
163,16,"Tree",0
163,17,"Tree",0
163,18,"Tree",0
163,19,"Tree",0
163,20,"Tree",0
163,21,"Tree",0
163,22,"Tree",0
163,23,"Tree",0
163,24,"Tree",0
163,32,"Tree",0
163,33,"Tree",0
163,34,"Tree",0
163,35,"Tree",0
163,36,"Tree",0
163,37,"Tree",0
163,55,"Tree",0
163,81,"Tree",0
163,127,"Tree",0
163,131,"Tree",0
163,132,"Tree",0
163,133,"Tree",0
163,134,"Tree",0
163,135,"Tree",0
163,136,"Tree",0
163,137,"Tree",0
163,155,"Tree",0
163,157,"Tree",0
163,158,"Tree",0
164,12,"Tree",0
164,13,"Tree",0
164,14,"Tree",0
164,15,"Tree",0
164,16,"Tree",0
164,17,"Tree",0
164,18,"Tree",0
164,19,"Tree",0
164,20,"Tree",0
164,21,"Tree",0
164,22,"Tree",0
164,23,"Tree",0
164,24,"Tree",0
164,25,"Tree",0
164,32,"Tree",0
164,33,"Tree",0
164,34,"Tree",0
164,35,"Tree",0
164,36,"Tree",0
164,37,"Tree",0
164,78,"Tree",0
164,80,"Tree",0
164,86,"Tree",0
164,130,"Tree",0
164,131,"Tree",0
164,132,"Tree",0
164,133,"Tree",0
164,136,"Tree",0
164,137,"Tree",0
164,138,"Tree",0
165,13,"Tree",0
165,14,"Tree",0
165,15,"Tree",0
165,16,"Tree",0
165,17,"Tree",0
165,18,"Tree",0
165,19,"Tree",0
165,20,"Tree",0
165,21,"Tree",0
165,22,"Tree",0
165,23,"Tree",0
165,24,"Tree",0
165,25,"Tree",0
165,32,"Tree",0
165,33,"Tree",0
165,34,"Tree",0
165,35,"Tree",0
165,78,"Tree",0
165,79,"Tree",0
165,80,"Tree",0
165,130,"Tree",0
165,131,"Tree",0
165,132,"Tree",0
165,133,"Tree",0
165,134,"Tree",0
165,135,"Tree",0
165,136,"Tree",0
166,13,"Tree",0
166,14,"Tree",0
166,15,"Tree",0
166,16,"Tree",0
166,17,"Tree",0
166,18,"Tree",0
166,19,"Tree",0
166,20,"Tree",0
166,21,"Tree",0
166,22,"Tree",0
166,23,"Tree",0
166,24,"Tree",0
166,33,"Tree",0
166,46,"Tree",0
166,78,"Tree",0
166,128,"Tree",0
166,129,"Tree",0
166,130,"Tree",0
166,131,"Tree",0
166,132,"Tree",0
166,133,"Tree",0
166,134,"Tree",0
166,135,"Tree",0
166,136,"Tree",0
166,137,"Tree",0
167,14,"Tree",0
167,15,"Tree",0
167,16,"Tree",0
167,17,"Tree",0
167,18,"Tree",0
167,19,"Tree",0
167,24,"Tree",0
167,32,"Tree",0
167,33,"Tree",0
167,126,"Tree",0
167,127,"Tree",0
167,128,"Tree",0
167,129,"Tree",0
167,130,"Tree",0
167,131,"Tree",0
167,132,"Tree",0
167,133,"Tree",0
167,134,"Tree",0
167,135,"Tree",0

# Gold Mine  (21 tiles)
21,32,"Gold Mine",0
21,33,"Gold Mine",0
22,32,"Gold Mine",0
22,33,"Gold Mine",0
34,79,"Gold Mine",0
34,80,"Gold Mine",0
35,79,"Gold Mine",0
35,80,"Gold Mine",0
54,9,"Gold Mine",0
54,10,"Gold Mine",0
55,9,"Gold Mine",0
79,68,"Gold Mine",0
79,69,"Gold Mine",0
80,69,"Gold Mine",0
90,103,"Gold Mine",0
91,103,"Gold Mine",0
129,83,"Gold Mine",0
130,83,"Gold Mine",0
144,149,"Gold Mine",0
145,149,"Gold Mine",0
145,150,"Gold Mine",0

# Stone Mine  (28 tiles)
48,43,"Stone Mine",0
48,44,"Stone Mine",0
49,43,"Stone Mine",0
49,44,"Stone Mine",0
49,45,"Stone Mine",0
50,43,"Stone Mine",0
50,44,"Stone Mine",0
67,84,"Stone Mine",0
67,85,"Stone Mine",0
68,85,"Stone Mine",0
115,142,"Stone Mine",0
115,143,"Stone Mine",0
116,142,"Stone Mine",0
116,143,"Stone Mine",0
117,142,"Stone Mine",0
117,143,"Stone Mine",0
120,35,"Stone Mine",0
120,36,"Stone Mine",0
120,37,"Stone Mine",0
121,36,"Stone Mine",0
121,37,"Stone Mine",0
143,118,"Stone Mine",0
144,118,"Stone Mine",0
145,117,"Stone Mine",0
145,118,"Stone Mine",0
151,26,"Stone Mine",0
152,26,"Stone Mine",0
153,26,"Stone Mine",0

# Cliff  (332 tiles)
1,80,"Cliff",0
2,79,"Cliff",0
2,80,"Cliff",0
2,81,"Cliff",0
3,79,"Cliff",0
3,80,"Cliff",0
3,81,"Cliff",0
4,79,"Cliff",0
4,80,"Cliff",0
4,81,"Cliff",0
5,79,"Cliff",0
5,80,"Cliff",0
5,81,"Cliff",0
6,79,"Cliff",0
6,80,"Cliff",0
6,81,"Cliff",0
6,82,"Cliff",0
7,79,"Cliff",0
7,80,"Cliff",0
7,81,"Cliff",0
8,79,"Cliff",0
8,80,"Cliff",0
8,81,"Cliff",0
9,79,"Cliff",0
9,80,"Cliff",0
9,81,"Cliff",0
10,78,"Cliff",0
10,79,"Cliff",0
10,80,"Cliff",0
10,81,"Cliff",0
10,82,"Cliff",0
10,83,"Cliff",0
10,84,"Cliff",0
11,79,"Cliff",0
11,80,"Cliff",0
11,81,"Cliff",0
11,82,"Cliff",0
11,83,"Cliff",0
11,84,"Cliff",0
12,80,"Cliff",0
12,81,"Cliff",0
12,82,"Cliff",0
12,83,"Cliff",0
12,84,"Cliff",0
12,144,"Cliff",0
12,145,"Cliff",0
12,146,"Cliff",0
12,147,"Cliff",0
12,148,"Cliff",0
12,149,"Cliff",0
13,82,"Cliff",0
13,83,"Cliff",0
13,144,"Cliff",0
13,145,"Cliff",0
13,146,"Cliff",0
13,147,"Cliff",0
13,148,"Cliff",0
13,149,"Cliff",0
14,144,"Cliff",0
14,145,"Cliff",0
14,146,"Cliff",0
14,147,"Cliff",0
14,148,"Cliff",0
14,149,"Cliff",0
16,127,"Cliff",0
16,128,"Cliff",0
16,129,"Cliff",0
16,130,"Cliff",0
17,13,"Cliff",0
17,14,"Cliff",0
17,15,"Cliff",0
17,16,"Cliff",0
17,17,"Cliff",0
17,18,"Cliff",0
17,127,"Cliff",0
17,128,"Cliff",0
17,129,"Cliff",0
17,130,"Cliff",0
18,13,"Cliff",0
18,14,"Cliff",0
18,15,"Cliff",0
18,16,"Cliff",0
18,17,"Cliff",0
18,18,"Cliff",0
18,126,"Cliff",0
18,127,"Cliff",0
18,128,"Cliff",0
18,129,"Cliff",0
19,13,"Cliff",0
19,14,"Cliff",0
19,15,"Cliff",0
19,16,"Cliff",0
19,17,"Cliff",0
19,18,"Cliff",0
19,126,"Cliff",0
19,127,"Cliff",0
19,128,"Cliff",0
19,129,"Cliff",0
19,130,"Cliff",0
20,15,"Cliff",0
20,126,"Cliff",0
20,127,"Cliff",0
20,128,"Cliff",0
20,129,"Cliff",0
21,128,"Cliff",0
35,0,"Cliff",0
35,1,"Cliff",0
35,2,"Cliff",0
35,3,"Cliff",0
36,0,"Cliff",0
36,1,"Cliff",0
36,2,"Cliff",0
36,3,"Cliff",0
36,90,"Cliff",0
36,91,"Cliff",0
37,0,"Cliff",0
37,1,"Cliff",0
37,2,"Cliff",0
37,3,"Cliff",0
37,90,"Cliff",0
37,91,"Cliff",0
37,92,"Cliff",0
38,90,"Cliff",0
38,91,"Cliff",0
38,92,"Cliff",0
39,89,"Cliff",0
39,90,"Cliff",0
39,91,"Cliff",0
39,92,"Cliff",0
40,89,"Cliff",0
40,90,"Cliff",0
40,91,"Cliff",0
40,92,"Cliff",0
41,89,"Cliff",0
41,90,"Cliff",0
41,91,"Cliff",0
41,92,"Cliff",0
42,90,"Cliff",0
42,91,"Cliff",0
42,92,"Cliff",0
43,89,"Cliff",0
43,90,"Cliff",0
43,91,"Cliff",0
43,92,"Cliff",0
44,4,"Cliff",0
44,5,"Cliff",0
44,6,"Cliff",0
44,89,"Cliff",0
44,90,"Cliff",0
44,91,"Cliff",0
44,92,"Cliff",0
45,4,"Cliff",0
45,5,"Cliff",0
45,6,"Cliff",0
45,89,"Cliff",0
45,90,"Cliff",0
45,91,"Cliff",0
45,92,"Cliff",0
46,4,"Cliff",0
46,5,"Cliff",0
46,6,"Cliff",0
46,89,"Cliff",0
46,90,"Cliff",0
46,91,"Cliff",0
46,92,"Cliff",0
47,4,"Cliff",0
47,5,"Cliff",0
47,6,"Cliff",0
47,89,"Cliff",0
47,90,"Cliff",0
47,91,"Cliff",0
47,92,"Cliff",0
48,3,"Cliff",0
48,4,"Cliff",0
48,5,"Cliff",0
48,6,"Cliff",0
48,89,"Cliff",0
48,90,"Cliff",0
48,91,"Cliff",0
48,92,"Cliff",0
49,4,"Cliff",0
49,5,"Cliff",0
49,6,"Cliff",0
49,89,"Cliff",0
49,90,"Cliff",0
49,91,"Cliff",0
50,3,"Cliff",0
50,4,"Cliff",0
50,5,"Cliff",0
50,6,"Cliff",0
50,89,"Cliff",0
50,90,"Cliff",0
50,91,"Cliff",0
51,2,"Cliff",0
51,3,"Cliff",0
51,4,"Cliff",0
51,5,"Cliff",0
51,6,"Cliff",0
51,89,"Cliff",0
52,1,"Cliff",0
52,2,"Cliff",0
52,3,"Cliff",0
52,4,"Cliff",0
53,1,"Cliff",0
53,2,"Cliff",0
53,3,"Cliff",0
54,1,"Cliff",0
54,2,"Cliff",0
54,3,"Cliff",0
55,2,"Cliff",0
111,135,"Cliff",0
112,135,"Cliff",0
112,136,"Cliff",0
112,137,"Cliff",0
112,138,"Cliff",0
113,135,"Cliff",0
113,136,"Cliff",0
113,137,"Cliff",0
113,138,"Cliff",0
113,139,"Cliff",0
114,134,"Cliff",0
114,135,"Cliff",0
114,136,"Cliff",0
114,137,"Cliff",0
114,138,"Cliff",0
114,139,"Cliff",0
115,134,"Cliff",0
115,135,"Cliff",0
115,136,"Cliff",0
115,137,"Cliff",0
115,138,"Cliff",0
115,139,"Cliff",0
116,133,"Cliff",0
116,134,"Cliff",0
116,136,"Cliff",0
116,137,"Cliff",0
116,138,"Cliff",0
116,139,"Cliff",0
117,133,"Cliff",0
117,134,"Cliff",0
117,136,"Cliff",0
117,137,"Cliff",0
117,138,"Cliff",0
117,139,"Cliff",0
118,133,"Cliff",0
118,134,"Cliff",0
118,136,"Cliff",0
118,137,"Cliff",0
118,138,"Cliff",0
118,139,"Cliff",0
119,136,"Cliff",0
119,137,"Cliff",0
119,138,"Cliff",0
119,139,"Cliff",0
120,137,"Cliff",0
120,138,"Cliff",0
137,4,"Cliff",0
137,5,"Cliff",0
137,6,"Cliff",0
138,4,"Cliff",0
138,5,"Cliff",0
138,6,"Cliff",0
139,4,"Cliff",0
139,5,"Cliff",0
139,6,"Cliff",0
140,4,"Cliff",0
140,5,"Cliff",0
140,6,"Cliff",0
141,3,"Cliff",0
141,4,"Cliff",0
141,5,"Cliff",0
141,6,"Cliff",0
142,4,"Cliff",0
142,5,"Cliff",0
142,6,"Cliff",0
143,4,"Cliff",0
143,5,"Cliff",0
143,6,"Cliff",0
144,3,"Cliff",0
144,4,"Cliff",0
144,5,"Cliff",0
144,6,"Cliff",0
145,4,"Cliff",0
145,5,"Cliff",0
145,6,"Cliff",0
145,7,"Cliff",0
145,26,"Cliff",0
145,28,"Cliff",0
145,29,"Cliff",0
145,30,"Cliff",0
146,4,"Cliff",0
146,5,"Cliff",0
146,6,"Cliff",0
146,26,"Cliff",0
146,27,"Cliff",0
146,28,"Cliff",0
146,29,"Cliff",0
146,30,"Cliff",0
146,31,"Cliff",0
147,5,"Cliff",0
147,6,"Cliff",0
147,26,"Cliff",0
147,27,"Cliff",0
147,28,"Cliff",0
147,29,"Cliff",0
147,30,"Cliff",0
148,27,"Cliff",0
148,28,"Cliff",0
148,29,"Cliff",0
148,30,"Cliff",0
149,27,"Cliff",0
149,28,"Cliff",0
149,29,"Cliff",0
149,30,"Cliff",0
150,26,"Cliff",0
150,27,"Cliff",0
150,28,"Cliff",0
150,29,"Cliff",0
150,30,"Cliff",0
151,28,"Cliff",0
151,29,"Cliff",0
151,30,"Cliff",0
152,25,"Cliff",0
152,27,"Cliff",0
152,28,"Cliff",0
152,29,"Cliff",0
152,30,"Cliff",0
153,28,"Cliff",0
153,29,"Cliff",0
153,30,"Cliff",0
154,28,"Cliff",0
154,29,"Cliff",0

# ===== Player 1  blue (NW) =====
# Archery Range
19,81,"Archery Range",1
24,79,"Archery Range",1
# Barracks
41,68,"Barracks",1
41,43,"Barracks",1
# Blacksmith
45,51,"Blacksmith",1
# Castle
18,75,"Castle",1
# House
18,67,"House",1
15,56,"House",1
27,43,"House",1
38,42,"House",1
23,46,"House",1
30,42,"House",1
33,67,"House",1
31,61,"House",1
25,56,"House",1
48,65,"House",1
46,65,"House",1
36,61,"House",1
38,55,"House",1
50,46,"House",1
51,48,"House",1
32,40,"House",1
29,44,"House",1
# Mill
25,45,"House",1
# Market
34,38,"Market",1
# ^ this is the lowest market
# University
39,57,"University",1
# Town Center
27,63,"Town Center",1
32,49,"Town Center",1
49,56,"Town Center",1
# Monastery
20,57,"Monastery",1
# Palisade Wall (54)
29,93,"Palisade Wall",1
30,93,"Palisade Wall",1
31,93,"Palisade Wall",1
32,93,"Palisade Wall",1
33,93,"Palisade Wall",1
34,92,"Palisade Wall",1
35,91,"Palisade Wall",1
16,65,"Palisade Wall",1
17,66,"Palisade Wall",1
16,64,"Palisade Wall",1
37,89,"Palisade Wall",1
15,62,"Palisade Wall",1
16,63,"Palisade Wall",1
37,88,"Palisade Wall",1
25,67,"Palisade Wall",1
22,65,"Palisade Wall",1
24,67,"Palisade Wall",1
39,81,"Palisade Wall",1
23,65,"Palisade Wall",1
39,80,"Palisade Wall",1
25,65,"Palisade Wall",1
36,76,"Palisade Wall",1
37,77,"Palisade Wall",1
38,78,"Palisade Wall",1
39,79,"Palisade Wall",1
12,50,"Palisade Wall",1
13,49,"Palisade Wall",1
14,49,"Palisade Wall",1
15,49,"Palisade Wall",1
16,49,"Palisade Wall",1
17,48,"Palisade Wall",1
17,49,"Palisade Wall",1
18,49,"Palisade Wall",1
19,49,"Palisade Wall",1
20,49,"Palisade Wall",1
21,49,"Palisade Wall",1
46,69,"Palisade Wall",1
46,67,"Palisade Wall",1
45,43,"Palisade Wall",1
46,43,"Palisade Wall",1
47,43,"Palisade Wall",1
26,45,"Palisade Wall",1
45,67,"Palisade Wall",1
26,46,"Palisade Wall",1
27,43,"Palisade Wall",1
51,66,"Palisade Wall",1
43,71,"Palisade Wall",1
25,44,"Palisade Wall",1
45,50,"Palisade Wall",1
40,43,"Palisade Wall",1
37,43,"Palisade Wall",1

# ===== Player 2  red (NE) =====
# Archery Range
56,152,"Archery Range",2
50,137,"Archery Range",2
50,133,"Archery Range",2
67,138,"Archery Range",2
75,133,"Archery Range",2
90,76,"Archery Range",2
# Barracks 
27,144,"Barracks",2
28,118,"Barracks",2
# Castle
59,116,"Castle",2
67,117,"Castle",2
109,81,"Castle",2
# Town Center
33,133,"Town Center",2
39,158,"Town Center",2
111,129,"Town Center",2
32,107,"Town Center",2
56,136,"Town Center",2
# House
45,158,"House",2
41,149,"House",2
57,163,"House",2
46,143,"House",2
49,146,"House",2
45,140,"House",2
43,137,"House",2
49,143,"House",2
52,146,"House",2
56,149,"House",2
42,134,"House",2
55,146,"House",2
52,142,"House",2
59,149,"House",2
45,133,"House",2
58,146,"House",2
37,124,"House",2
55,142,"House",2
45,130,"House",2
61,146,"House",2
64,148,"House",2
60,143,"House",2
48,130,"House",2
46,127,"House",2
64,145,"House",2
67,149,"House",2
51,130,"House",2
49,127,"House",2
67,145,"House",2
47,124,"House",2
54,130,"House",2
52,126,"House",2
56,131,"House",2
55,127,"House",2
61,132,"House",2
61,127,"House",2
76,144,"House",2
65,132,"House",2
58,126,"House",2
64,127,"House",2
69,131,"House",2
62,125,"House",2
66,129,"House",2
72,131,"House",2
85,136,"House",2
73,123,"House",2
80,119,"House",2
70,107,"House",2
# Lumber Camp
63,152,"Lumber Camp",2
82,150,"Lumber Camp",2
69,135,"Lumber Camp",2
46,110,"Lumber Camp",2
# Market
51,163,"Market",2
32,132,"Market",2
52,148,"Market",2
68,163,"Market",2
78,110,"Market",2
111,117,"Market",2
# Siege Workshop
41,128,"Siege Workshop",2
70,147,"Siege Workshop",2
75,137,"Siege Workshop",2
63,117,"Siege Workshop",2
57,89,"Siege Workshop",2
74,94,"Siege Workshop",2
# Stable
40,158,"Stable",2
46,136,"Stable",2
63,139,"Stable",2
85,160,"Stable",2
70,142,"Stable",2
52,121,"Stable",2
42,106,"Stable",2
66,123,"Stable",2
70,127,"Stable",2
88,143,"Stable",2
59,105,"Stable",2
87,127,"Stable",2
108,132,"Stable",2
# Palisade Wall (6)
75,166,"Palisade Wall",2
67,153,"Palisade Wall",2
69,153,"Palisade Wall",2
69,151,"Palisade Wall",2
67,151,"Palisade Wall",2
69,152,"Palisade Wall",2

# ===== Player 3  green (SW) =====
# Archery Range
41,81,"Archery Range",3
34,28,"Archery Range",3
64,48,"Archery Range",3
109,33,"Archery Range",3
141,53,"Archery Range",3
141,18,"Archery Range",3
# Barracks
108,67,"Barracks",3
123,6,"Barracks",3
# Blacksmith
116,19,"Blacksmith",3
# Castle
89,33,"Castle",3
102,46,"Castle",3
# House
75,58,"House",3
90,54,"House",3
78,32,"House",3
86,33,"House",3
99,46,"House",3
84,25,"House",3
96,34,"House",3
99,35,"House",3
93,34,"House",3
107,40,"House",3
98,33,"House",3
101,36,"House",3
110,46,"House",3
92,23,"House",3
100,41,"House",3
95,31,"House",3
101,33,"House",3
118,51,"House",3
97,25,"House",3
100,30,"House",3
107,37,"House",3
94,23,"House",3
104,33,"House",3
113,39,"House",3
96,29,"House",3
111,36,"House",3
93,27,"House",3
79,4,"House",3
113,37,"House",3
96,17,"House",3
99,24,"House",3
97,22,"House",3
113,34,"House",3
95,15,"House",3
99,17,"House",3
103,20,"House",3
129,42,"House",3
119,29,"House",3
113,20,"House",3
126,34,"House",3
119,26,"House",3
112,18,"House",3
122,28,"House",3
126,31,"House",3
119,23,"House",3
125,28,"House",3
111,15,"House",3
114,16,"House",3
120,20,"House",3
126,26,"House",3
123,20,"House",3
# Lumber Camp
111,54,"Lumber Camp",3
127,54,"Lumber Camp",3
132,12,"Lumber Camp",3
# Market
66,32,"Market",3
115,40,"Market",3
105,26,"Market",3
121,24,"Market",3
110,5,"Market",3
118,1,"Market",3
123,1,"Market",3
# Mill
105,39,"Mill",3
# Siege Workshop
50,25,"Siege Workshop",3
78,51,"Siege Workshop",3
# Stable
57,63,"Stable",3
135,82,"Stable",3
90,30,"Stable",3
138,69,"Stable",3
121,40,"Stable",3
116,36,"Stable",3
115,33,"Stable",3
102,17,"Stable",3
93,0,"Stable",3
143,33,"Stable",3
# Town Center
100,56,"Town Center",3
110,5,"Town Center",3
104,29,"Town Center",3
84,12,"Town Center",3


# ===== Player 4  yellow (SE) =====
# Archery Range
125,115,"Archery Range",4
124,91,"Archery Range",4
158,108,"Archery Range",4
151,83,"Archery Range",4
# Blacksmith
149,110,"Blacksmith",4
# Barracks
125,87,"Barracks",4
129,88,"Barracks",4
# Castle
167,109,"Castle",4
119,90,"Castle",4
# House
133,117,"House",4
135,118,"House",4
129,108,"House",4
132,109,"House",4
115,97,"House",4
135,110,"House",4
138,113,"House",4
140,110,"House",4
138,109,"House",4
134,108,"House",4
138,107,"House",4
129,96,"House",4
129,94,"House",4
126,93,"House",4
141,113,"House",4
155,121,"House",4
132,97,"House",4
135,96,"House",4
133,93,"House",4
153,113,"House",4
136,93,"House",4
147,107,"House",4
131,92,"House",4
125,81,"House",4
139,94,"House",4
150,107,"House",4
136,90,"House",4
152,109,"House",4
139,91,"House",4
150,104,"House",4
134,89,"House",4
139,96,"House",4
144,102,"House",4
156,108,"House",4
151,100,"House",4
139,88,"House",4
144,97,"House",4
141,91,"House",4
141,88,"House",4
142,84,"House",4
144,85,"House",4
144,88,"House",4
137,87,"House",4
141,82,"House",4
146,88,"House",4
150,87,"House",4
157,97,"House",4
# Lumber Camp
111,93,"Lumber Camp",4
142,123,"Lumber Camp",4
144,121,"Lumber Camp",4
153,111,"Lumber Camp",4
# Town Center
116,103,"Town Center",4
144,71,"Town Center",4
139,99,"Town Center",4
163,115,"Town Center",4
163,99,"Town Center",4
# University
117,129,"University",4
# Market
102,122,"Market",4
164,122,"Market",4
152,104,"Market",4
163,108,"Market",4
145,70,"Market",4
163,91,"Market",4
# Siege Workshop
120,112,"Siege Workshop",4
143,126,"Siege Workshop",4
128,98,"Siege Workshop",4
153,97,"Siege Workshop",4
132,69,"Siege Workshop",4
156,81,"Siege Workshop",4
# Stable
124,95,"Stable",4
134,99,"Stable",4
129,86,"Stable",4
132,86,"Stable",4
144,92,"Stable",4
150,97,"Stable",4
156,105,"Stable",4
161,105,"Stable",4
156,102,"Stable",4
146,84,"Stable",4
155,85,"Stable",4
157,94,"Stable",4
158,86,"Stable",4
# Palisade Wall (2)
161,96,"Palisade Wall",4
161,98,"Palisade Wall",4

# ===== TOWN CENTERS -- PENDING USER CONFIRMATION =====
# The numeral TC plates (2x2 core = origin of a 4x4 Town Center) are not yet
# reliably auto-located. Add: x,y,"Town Center",player,"add");